10723 10724
7648 8755 10725
13677 13678
13679 13680
9809 5003 9120
1483 1319
2803 6006
6009 6010
707 708
8609 23978
18555 23979
22257 22258
10452 9243
5228 10681
1441 9975
5687 5688
3191 14620
3528 3726
25518 25519
1003 25520
4292 25521
15352 623
9130 9131 9132
5904 1319
627 3308
6865 1890
7597 623
576 482 1747
27068 1727 27069
14111 9736
14520 27070
6046 20574
1668 3222
16945 1326
9156 2484
5228 625
4740 16096
4313 13422
819 13423
3856 3857
3349 24975
1812 10416
11262 8319
28782 28783 28784
28785 28786 28787
1111 17413
3541 24046
24047 24048
10168 10169
17175 3381
2144 625
2147 17174
6197 1321
821 17173
4041 3579
4042 4043
12795 309
1323 1324
1318 1319
1320 1747
19701 22829
9558 9852
1005 1006
25025 25026
20707 25027
15892 24906
1441 1442
4777 7694
6794 7692 7693
5758 2176
12618 12619
6555 871 7527
3470 67 21581
1111 12861
4604 23017
8083 8084
6533 1161 6534
11313 20683
1788 7187
18258 1322
18259 623
2591 1319
15867 577 482 8292
4056 5617
6827 6828
5079 1319
1483 1563
3543 3544
3541 3542
1638 1639
2714 10553
21389 21390
5144 5145
14426 14427
7033 1211 15808
4292 15809
819 11394
3885 2716 3886
15659 15660
2462 1768
15617 3518
66 1161 12905
1111 97 14054
815 21277
1668 12604
10432 15543
21278 21279
9026 12443 15849
1584 22858
2997 20981
13201 13202
6286 6287
1761 1762
6106 4542
3349 27202
22713 6373 27203
4984 4444
6718 6719
6720 6721
6722 6723
3271 9975
10921 23142
376 377
23693 3308
20007 20008
8786 23694
23696 23697
9957 9958
23698 23699
819 701
703 704
7795 28690
6531 1570 16332
10797 17298
14997 14998
14999 623
15000 15001
8240 8241
7449 8242
66 99 10110
27355 27356
4878 13396
1112 10011 10012
10013 10014
1724 1725
1721 1722
1723 698
1726 1727
18100 1570 10971
10972 8431
2239 1338 2240
1928 482 1929
7293 7294
7295 7296
8726 8727
7019 3948
2292 3948
9962 10961
1781 10962
10963 4815
5003 1264
3688 10964
10965 10966
9440 9441
3996 9442
9443 311 9444
3021 20347
2605 20404
6294 3448 1112
700 2306
2306 1264
13614 13615
7874 97 7875
13616 2716 4170
3719 8212
13166 67 13167
15038 15039
6056 3020
1668 1975
4302 1440 3579
12865 16477
12777 12778
3541 12779
12780 12781
16096 16096
3688 3904
8305 12730
7828 12731
5006 5007
16889 21225
21226 21227
3996 3579
10035 10036
7668 21228
819 4086
9026 1667
8702 22338
12549 12550
4399 98 15903
2372 21203
1668 3 7814
13393 13394
308 8371
3341 22132
3492 3493
5969 3084
23081 623
5824 625
5400 1440
310 1211 12548
1318 1440
13072 13073
13071 67 7396
6833 4575
9921 9922
5176 20375
7443 11538
7782 7783 7784 3982 13 7316
10448 10449 24711 23703 24712
7828 22700 24711 7793 19894
10450 10451 24711 7793 19894
6196 1788 4173
4915 7541 2953
21862 21863
21864 21865
6863 700 2484
15084 3518
3470 1587 3517
1111 2057 2058
7772 6794 2057 2058
8553 7918
4171 11225
8317 8318
2338 1397 8319
5915 8320
8925 698
8926 3082
3140 2589
8927 99 8928
7941 629
18016 628
3031 19630
7225 13991
19981 629
19982 16204
19983 3904
1397 70 19984
19985 4912
19986 19987
6753 6754
6919 1481
7525 7526
12453 16121 12454
8196 16122
755 7897
7193 9904
5475 5476
7213 2677
1812 7214
1267 1268
815 816
12775 12940
10351 10352
6681 7432
5981 5982
819 5985
373 23762
18350 5713 18351
310 18352
2605 4272
7449 7450
5713 7239
5008 628
18353 1111
908 3306
15516 15517
7795 18354
1668 7924
3470 8981
5462 7390
3162 3947
1364 8777
9460 623
17821 629
7554 24951
8240 23698 24952
3799 24953
1235 24954
16603 15573 9658
3382 3383
699 3384
2306 2950
6209 9625
11179 625
4878 27867
3141 21845
3539 3540
18656 18657
4883 18658
1113 311 1115
1790 15012
4603 16239
23925 2152 904
2479 1328
17745 3518
703 98 2716 23358
8057 1328
23359 1562
12703 23360
13300 13301
5713 1161 7962
4546 18177
8118 18178
1668 99 2340
1668 6783
1978 1979
18364 18365
9735 9736
9864 20446
6011 15314
21622 2955
21898 21899
1790 7075
904 627 2484
15573 3622 1562
22159 372
6093 3622 1328
4604 1813
2088 8267
8268 8269
3122 7981
629 3381
10268 1927
3747 1319
261 1692
18010 28480
2932 2846
14799 14800
23913 23914
1091 2339
6892 3904
2461 904
1397 73 1398
12655 18152
17428 17429
7782 7783 7784
10448 10449
7828 22700
10450 10451
2838 2839
2840 2841
2838 2842
2843 2844
2845 2846
755 26603
12906 26604
9575 1211 21072
15466 26605
5513 5514
24281 1338 26715
24639 698
18807 18808
1113 1114 1115
13595 13596
576 4790
3724 3725
4791 4792 4793
629 629
703 1398
819 99 21641
5387 4986
24594 4153
10546 24595
3809 1264
18105 18106
310 3100 18107
7142 625
3747 8777
27331 8409
22573 22574 22575 5496
22577 2484
19879 98 19880
19881 871 6079
4725 9120
3543 1161 8658
5299 14687
12780 14688
15755 15756
11228 2934
15757 2953
3622 5405
15758 8194
8312 3518
19824 1481
22933 8777
3577 8399
5181 6347
3100 12977
1812 1813
4171 12978
5786 5787
310 2463
5788 2484
24651 24652
24653 24654 24655
6244 3448 3449 24656
12670 12671
2239 7240
12672 12673
3031 12674
22546 6314
4878 22547
22548 6474
22549 22550
9056 7944
21444 21445
3100 5566
310 2982 21446
24564 623
905 4854
24565 1319
4855 1264
4856 67 4857
9349 24135
310 311 312 313
25646 1789
23412 23413
4723 15702
223 23389
4816 6092
4454 629
3100 3101
2605 12774
12776 2573
2338 19916
6531 6532
3349 6901
10106 23813
3858 6190
5002 5003 5004
3806 629
3809 698
1890 623
5009 3 5010
5011 2955
5012 1264
9499 9500
310 1161 10908
5210 12787
12788 12789
4454 8057
16103 577 19875
7254 2306
8792 3687
15204 623
8059 12802
5867 19153
4915 6791
753 67 754
755 756
757 758
12537 12538
5595 5816
908 10924
4220 4221
3236 449
9372 9373
11982 11983
6230 2727 1204
3807 3808
1973 1974
8465 577 8466
2714 8467
4879 67 8468
2605 26984
3786 3787
2286 3 3788
3789 3 3790
9049 1264
9050 9051
3624 7057
2485 625
16422 16423 16424
16425 16426
569 16427
12906 12907
3122 3123
3124 3125
9873 9874
5729 9875
12342 15833 1101 3982
906 17574 1101 3982
14749 14750 1101 3982
755 11086
4621 11087
3543 22196 19583
12483 12996
6731 3687
13539 13540
11906 11907
7362 67 22538
3031 10181
3100 3212
1003 7715
1978 98 1979
7497 7498
1996 1997
373 6463
6483 6484
3100 1211 3101
1321 7984
24026 24027
7653 1890 1264
5299 10472
10473 10474
4662 7889
2640 2641
24742 623
2461 625
24743 372
19977 24744
11843 7944
1890 2953
8792 11403
8312 6092
2372 24455 17651 5714
5714 17427 17651 5714
12655 18152 17651 5714
9667 9668 3982 13 11075 51 5714
6722 21594
9479 9480
4562 4563
2288 98 11447
4544 11448 11449
3557 871 3601
1150 1264
11802 8795
1325 1326
17039 4912
310 97 12376
10443 1927 309
26893 3115
69 9919
14042 4575
3799 14045
6079 7187 7188
7189 7190
7191 7192
7193 7194
12464 13972
11600 11601
4878 22238
6344 22239
908 67 909
9563 9564
1150 1326 4912
9565 9566
20255 4912
1327 1328
1668 1161 4058
948 9574
6013 7235 1925
16511 16512
25134 25135
4315 25136
25137 25138
6294 11208
5981 25139
11988 25140
11489 16493
26079 26080
6450 26081
450 451
21201 21202
8854 8855
2482 6863 904
4318 4319
1723 2589
5914 1562
5737 1319
5738 5739
819 97 5740
5915 5916 1923 783
14072 625
11035 1319
6863 1890 8777
14073 625
12366 12367
755 12368
6296 12369
7033 5297
3349 1211 15006
6294 98 7854
4292 5464 3141
4878 11215
3557 6438
3031 21883
6056 11403
2411 3084
2175 7396 14064
9214 9215
4878 12027
27012 625
2147 2148
1003 2982 23529
3105 6079 9809
12433 12434
7430 12435 2429 5298
908 10595
4544 97 8665
8717 174 18328
2175 18329
5150 18330
4524 10514 10515
15664 27424
1781 6810 26931
6811 6812 3982 13 26932
6808 6809 26931
10432 10433
7834 5228
10434 10435
7836 4986
3517 9051
1791 629
22810 629
8992 8993
4339 4340
2699 15738
1150 6056 625
2950 1890 5824
904 625
4929 1264
6057 6058 6059
2338 1211 15212
12337 12338
4915 4916
9313 9314
4042 20703 27469
1666 27470
10965 27471
15479 15480
15481 15482
819 2338
906 4976
2607 1747
820 1366 1367
2608 2609
20220 20221
1111 20222
23923 23924
4301 625
6731 629
1562 3517
22742 698
14007 14008
2503 2504
1633 10844
819 14009
11790 2677
1926 1927 904
16938 16939
9747 98 8653
1580 311 1581
4544 10043
1584 311 1585
7004 7005
4173 2950
3476 3308 1481
309 11035
11036 1888
10975 7897
14007 27548
23501 23502
4019 4020
23503 12124
11499 11500
1693 11501
2372 13640 9511
3996 1161 9512
906 24808
8118 24809
24810 24811
5228 26767
8583 623
1561 3308 904
6241 6242
2605 6243
6244 6245
6246 6247
3220 6248
7797 10875
141 18563
2338 97 18763
5729 5730
2 893
11184 1319
7235 3518
629 2121 27719
4963 311 27720
10035 13222
701 702 372
69 7149
6450 570 10476
576 67 7962
3799 97 449
904 2306 309
8195 8196
7074 8777
4445 4446
6533 6534
1397 7390
1668 3 11301
574 575
141 27905
16971 28259
1003 8913
3539 27906
6209 8022
16920 16921
16922 16923
16924 16925
16926 12375
16927 1266
1318 309
13360 628
310 9720 4930 4931
20875 8784 2727 99 4931
819 820 3982 13 3983 51 4931
26191 2484
9163 2891
16410 1562
9830 623
702 623
11186 8777
9831 9832
9833 1565
628 1484
10037 10038
1636 1637
3111 3112
2960 3113
3114 3115
3122 20660
19054 1239 20661
1781 9416
15231 11594
373 23585
3688 623
19106 570 584
373 13508
3825 13507
978 18548
1668 5814
17891 1692
17892 1692
5334 5514
17857 1567
2338 17858
6294 870 1211 17800
9460 625
5595 22404
1289 13393 22405
17001 6756 8057
5981 20358
5296 6990
9597 629
4523 24463
1790 3 24464
18319 18320
3349 787
2085 18162
3347 18163
576 20413
3676 1322
1321 2484
3470 1587 3677 3517
1890 1264 12934 25760 12935 1315 5306
4217 4218 4219
4807 4808 12934 25760 12935 1315 5306
6196 1481 18013 3982
7989 5145
3998 1727
3996 577 3997
3624 700
1319 3476
3747 625
1150 15356
1666 1161 1667
13258 623
27492 27493 24137 27494 13 27495 20072
1321 23107 6080 24137 27494 13 27495 20072
27496 111 2411 27497 27498 27499 27500
27501 3982 27501 20072
18833 2306
9575 18834
7264 5945
2114 14744
14745 14746
699 623
10362 1998
12931 10251 3140
14065 14066
4284 4285
6398 6399
5462 5463
9124 482 9125
629 5736
2672 8109
5543 14765
10788 10789
10790 10791
4544 8665
18072 3579
9657 5780 9658
4907 4908
17654 17655
6722 8826
7515 7516
25635 2891
25636 25637
5713 17221
25638 25639
67 20361 20362
2372 20363
821 12026
10801 19744
7996 19745
11489 11490
11491 2484
3100 11492
1397 10786 3982 13 10176
4915 6791 3982 13 10176
18380
3688 1440
1723 625
8512 5004 6267
1235 1587 2063
27785 1567
12967 27786
2338 4151
1890 1264
24459 7005
8661 3904
4335 4336
4337 4338
2714 4341
2714 1161 6922
572 1161 28588
22937 28589
15379 3 28590
6933 28591
8688 482 28592
7554 7555
22143 482 8225
14825 625
1668 5388
5299 8714 8715 8716
2206 2207
8717 8718
819 25979
16438 16439
13407 9051 9120
14703 623
7142 1264
6196 2484
7141 2484
25825 625
7143 1481
25826 4912
11774 482 22449
8996 22450
10507 22451
23604 904 17006 13 23605
5077 1204 27562
27563 3 27564
1003 27565
27566 3555
7525 3 16629
3656 27567
2714 27568
9667 27569
20713 3 20714
1005 24644
13332 13333
8124 23329
23330 23331
7033 23332
8688 23165
11569 11570
9414 13746
13747 13748
3941 3942
24969 2484
5697 904
5736 700
7785 7786 7787
1998 625
17210 28156
14978 28157
3541 28158
28159 28160
11558 11559
12477 22995
4465 4466 4467
22905 698
10155 1926 189
3747 629
22906 14444 5004
22907 11816 22908
9128 12538
8118 1587 629
9283 9284
4650 2846
1668 15530 15531
819 8834
8089 22757
1041 10859
14760 8743
1567 1747
12446 67 904
6296 16598
7449 16599
3102 3103
1791 1747
8407 2482
1788 904
21281 21282 3919
11234 21283
12289 21284
20582 1747
8538 629
8534 625
3543 15801
1668 6262
819 2292 4606
4913 4914
7855 2429 7856
5697 5736
16486 16487 2953
12678 12679
75 12680
12681 12682
16730 28101
3539 28102
1668 2716 5388
4915 14196
572 3 573
2933 2934 2935
20729 623
5932 5933
13225 629
5696 1563
13226 1483 3346
2482 629
3885 18775
4076 3308 3982 13 3983 4931
6212 8924 25056 7812
7598 1319
7599 623
7600 309
9822 9823
9824 4184
11264 15506
15507 15508
15509 15510
15511 15512
15513 15514
755 21807
26500 26501
3852 3853
12446 12447
12448 12449
12490 2950
7996 7997
7998 2846
12253 12254 12255
8020 11232
11234 11235
8996 8997 8998
2290 6585
3470 26493
1668 10725
7640 1727
14147 14900
14901 14902
13248 1587 13249
13250 13251
1584 11665
11666 11667
2 11668
1289 11669 11670
2175 4620
3543 7428 7429
2 7430 4416
4523 4524 4525
1289 1290
16261 5945
576 22800 1813
22801 22802
3799 21082
19960 1319
19961 19962
1111 12775
6555 14151
1111 15329
3577 1570 22131
11986 11987
2714 1667
11050 11051
1724 23394
14563 15382
6507 23395
19622 6267
19623 98 5842
576 19624
1668 19625
9534 20370
64 65
66 67 68
69 70 71
72 73 74
75 76
6029 6030
5277 23978
7510 7511
3843 16161
69 16162
16163 16164
3919 3308 2484
10496 10497 3140
6129 7489
27728 1481
23592 625
27115 8795
10442 4153
10289 625
10290 3518
1111 14536
12967 14537
14538 14539
9830 1264
2292 13079
2591 1328
4740 2950
19645 2412
4956 4957
9685 9686
6953 482 17352
9240 3996
16924 3 23847
1161 67 12093
2059 2060
2061 2062
2064 2065
1150 23951 629
1856 23952
13450 23953
7362 1161 22445
22446 22447
1150 623
6056 3517
15341 700
2295 15342
11545 629
66 871 15343
15344 15345
5936 11635
2503 8118 6160
819 310
819 20341
20342 20343
2591 1264
755 13136
3982 13 3983
13861 13862
4496 11554
11818 16273
3514 2953
3515 3516
3470 3517
1788 3518
7554 13317
19290 19291
13318 13319
702 6678
23563 12375
11426 2953
6789 6790
2372 1161 11427
2372 1338 8268
819 870 820
20102 20751
12181 12182
20752 20753
17747 17748
8577 19256
6921 629
14990 532
3996 5432
16515 16516
18431 2429 8225
2572 18432
19660 3084
27870 698
5600 5601
17929 17930
8926 11403
4237 623
1318 12375 1322
12641 12642
7918 629
9980 14132
1267 22605
18590 18591
4987 21743
21744 2484
5228 629
18877 18878
17597 17598
2085 2086
2087 2088
308 12318
27669 24337 3982 13 6908
6533 6534 3982 13 6908
12780 13402
3347 3348
3114 11167
13403 13404
6464 13004
6013 6014 532
9449 13005
27505 27506
27507 20762 3112
22836 27508 22837
6344 9980 27884
20289 27885 27886
27887 27888
2461 1570 20869
2565 2566 2567
3100 8972
3799 8971
13330 13331
13640 1587 18161
2085 99 18162
3347 1161 18163
9571 9572
6125 9573
310 9574
9575 9576
2175 26778
19054 20661
26779 26780
4878 5819
9642 4400
10866 10867
2204 2205
14724 14725
9337 8653
9338 9339 1692
3654 6488 3084
23037 1725
26814 4799
3996 4317
1397 6188
7646 7647
7648 7649
17094 17095
8120 11946 11947
11948 11949
98 3 11950 1203
11951 11952
373 26828
7510 25832
9733 6474
13393 26829
27743 4340 27744
13792 13793
5930 8477
8478 8479 8480
8418 4808 8481
2295 67 4361
4362 4363
3557 4364
4365 1161 4366
11125 4878
3631 10288
2238 1319
4807 99 4808
12743 12744
7785 2503 1668
2372 24448
21230 21231
21600 25694
5981 10902
1812 6922
6228 10903
1668 10904
23508 870 8994
23509 1264
3112 8728
69 99 11318
4878 67 5127
310 99 9720
904 905 623
5228 111
1668 7148
3100 945
5229 5230
14193 14194 14195
5296 6382
1003 14197
6129 18252
978 4123
2147 18253
4604 3854
7362 67 13405
5713 871 5327
13406 13407 13408
3902 1747
3101 2412
627 1563
3903 3904
12130 9120
8457 8458
908 1338 9676
9677 8196
5581 5582
16180 2484
4499 4500
16182 629
4544 18688
18299 482 20257
7668 1211 7669
2338 1242 8994
8118 16234
11617 2484
3557 3558
3537 21577
4523 1289 1668
3858 3579 16386
17821 3082
14749 14750
11646 623
13972 904 13973
19196 1974
3622 623
20991 1890
20992 1692
9741 20993
1397 20994
2484 1322
1267 1587 28561
5077 98 26630
9733 9734
27252 1338 6314
8059 27253
5247 4976
1633 1634 1635
1584 22210
22211
24371 3579
12419 223
3557 9382
906 9383
9384 9385
6555 15443
24969 700
6409 1264
4523 17461 16217
1111 1747
2372 21990
373 99 13776
906 10476
3843 577 21991
1112 4074
4075 623
4076 482 3308
69 871 4077
310 7015 7016
7017 2677 7018
576 70 7020
1788 1789
1790 1791
19703 19704
1111 27980
6083 8059
14133 13822
2110 5580
1005 5585
5905 5906
2429 111 1747
19226 98 19227
18139 2484
699 16096
1150 629
6093 5824 4912
1668 97 16089
69 871 12494
20258 20259
3475 3688 1747
5970 1264
6127 6128
20073 111 9120
820 577 1366 1367
5936 24685
1584 309
9051 6080 9120
6078 6079
6080 6081
6082 6083
19737 3518
908 6751
15892 22104
22105 4285
22106 22107
6402 6403
2589 6863 7142
9460 1723 1562
1319 7235 3904
10237 10237 2891
3676 3308
7142 904 1319
7944 13415
14957 1264
3345 3346
5299 2429 5329 5330 309
20633 20634
5296 24492
5595 6438
1668 16297
4695 16298 16299
16303 16304
17625 3084
1668 3 9392
12133 12134
5600 12135
3021 13173
9642 12836
12837 2484
15669 6474
4056 3471 15670
2714 15671
5600 15672
15673 15674
13899 15675
3996 15676
1666 15677
6911 18812
4878 14298
1005 18813
5936 14157
14158 14159
7772 14160
12342 14161
755 14162
15399 15400
25170 5529
2114 20192
15379 25171
3686 5933
27602 2891
8312 5736
4454 625
3474 3475 3476
10173 625
3477 625
20277 20278
66 99 11585
757 482 10125
1790 577 13802
21175 2573
3557 22553
16298 1633
24837 28382 28383
11031 20468
6029 27184
5936 10062
24409 3579
6266 6267
0 1
2 3 4
5 6
1111 1975
1976 1977
14550 627
11535 11536
819 577 6923
9157 9158
15162 2589
15163 6863
1320 625
1890 625
4878 11215 21395 21264
22497 22498 21395 21264
22499
13766 1322
13767 1483
13768 1440
13769 13770
625 4799
28302 629
13025 13026
1693 3471 13027
20422 20423
18059 12454
4836 1929
3288 1211 754
4838 1587 4839
12766 12767 12768
8836 20743
9663 9664
9665 9666
9667 9668
9669 9670
980 981
310 67 27027
6743 7396
7648 8755
819 23029
3841 8756
310 871 13756
19491 28331 1813
69 1587 3140
16049 16050
9184 5740
5176 5984
819 7321
22731 22732
7525 22733
576 3288
3656 482 8420
8108 17184
11205 14755
17921 1328
10289 3686
28066 6093
905 623
11400 7057
3031 19076
3021 11401
1003 15420
15423 15424
10432 20914
2932 3 2846
3021 17516
10371 10372
22698 629
1563 16096
223 17099
2714 11318
2295 1211 2296
8089 8090
8091 8092
8093 8094
4984 482 4985
1112 4986
4987 4988
4907 4989
11636 11637
11638 11639
978 979
27066 3654
12342 27067
9812 13388
13300 13389
2374 12889 12890
19824 629
19825 628
19826 5003
622 3140
23312 1319
1318 2484
13792 23313
23314 23315
2714 311 10553
2372 8268
11222 11223
1111 11224
1560 625
3919 629
13232 13233
1566 1567
21635 21636
21637 1338 15989
7796 21638
1668 2716 12376
6029 70 6030
9449 451
3112 24837
3885 24838
16436 24839
5158 24840
3557 11318
572 20384
20385 14562
819 67 5455
18414 1264
18415 18416
17936 17937
9898 9899
2714 3696
1668 311 3698
3654 3655 1923
3656 3657 3658
3659 3660
18019 18020
18021 18022
18023 577 18024
6046 6438
4779 18025
28661 12425
12776 21605
310 8097
819 8098
17031 6975 17032
11998 11999
12671 17033
7329 7897
2843 1727
576 7356
17902 19056 19057
4292 4293
3122 4291
6007 6008
6011 2982 6012
8700 1161 12389
8717 8718 3982 13 8049 51 11542
14552 14553 3982 13 8049
2608 2609 3982 13 8049
10251 13589 13590
1781 8653
1111 871 3579
5893 7455
5462 7456
2372 7075
1668 7457
7458 3140
5981 7459
819 7460
11865 3084
11868 1263
13541 1322
3084 11865
11866 1266
11867 625
75 10942
755 10943
10944 10945
6712 6713
576 19494
1812 16440
4216 4153
6365 15461
15863 15864
8876 172
3770 3771
4719 4720 3140
4721 4722
4723 4724
3919 4725 67 904
4604 3676 1328
16253 2890
12464 73 309
22371 22372
5583 5584
6344 6345
1200 26905
6951 6952
1005 17675
6296 12061
16262 16263
22205 629
3082 3686
22206 7984
2670 905
22207 10681
8702 19891
13867 19891
9417 1587 9418
2292 67 1562
3747 623
4638 3020
13379 13380
15274
1111 1520
26075 14015
7944 1562
26076 5089
3141 3142
6056 2484
7329 311 22473
22474 12671
819 3 13037
10275 10276
22760 10904
1812 10277
3920 1791 3579
6013 6731 309
3676 3140 1264
3920 9830 3579
10250 10251 8342 1975
4604 19638
4604 19639
17037 17038
17040 17041
27608 1264
1481 627
17656 17657
24748 27609
3084 1264
1668 4270
1668 4271
15700 15701
6209 3448 10612
5228 702
15824 1562
15825 623
1484 3082
8650 1567
8651 4740
8652 8653
1668 4842
75 5997
4546 5853
18363 23171
23172 23173
1003 23174
6129 23175
6212 5495
12866 12867
15265 15266
10297 23997
1748 1749
13134 2429 13135
20433 20434
20435 20436
4946 4947
5477 5478
309 1264
11336 4740
6196 904
10724 27640 13830
3676 7057
1319 904
17640 629
5713 17641
6794 8396
66 17642
1150 6731 1975
308 871 3579
10392 1440
819 22113
1397 482 2088
11685 3 11686
5930 11687
22894 22895
22896 7944
20713 22897
11326 22898
3559 3560
3380 3381
9043 9044
6473 6474
9045 629
5380 698
5381 2484
11757 623
5383 629
3537 3538
4136 2982 17773
7099 7100
3577 2727 17774
13123 13124 13125 13126
25821 1976
755 8292
13950 13951
1037 13952
4315 13953
12751 4019
13154 15566
2949 15567
819 12025
5462 2229
18350 311 18351
11083 577 19167
2338 19168
3220 19169
19170 19171
13349 19172
1111 9825
3470 16871
1584 1747
10331 9120
2672 18512
16873 16874
13191 13192
20190 20191
7225 20193
2114 20194
4362 7767
7768 2982 7769
13237 23546 9120
11052 11053 11054
17581 625
24077 24078
20875 8784
15892 22427
4574 4575
4445 97 4446
24698 3381
24699 2950
18431 24700
2295 9712
3996 6902
2226 2227
2228 2229
8792 2484
2716 9642 16259
5125 5126 4930 4931
4878 5127 4930 4931
15958 25467
21600 10507 25468
12801 12802
10011 67 4723
3799 12803
1763 1764
858 859
1767 1768
23294 23295
14392 8994
1998 3140
19430 3346
1791 623
19431 9215
2891 3688 2484
2255 1890 2256
3543 23086 23087
17522 17523
1111 482 816
1584 1211 277
569 28659
4679 14554
11986 14555
11986 25720
22333 22334
8643 482 14238
8217 19952
5250 2429 22335
13947 3140
16393 3140
5325 1319
16394 625
28792 3517
698 12375 625
628 2950
8792 623
17757 4500
17758 17759
7167 1397 7168
7169 7170
7171 7172
5713 19206
19095 19096
3921 3922
9971 1633
2749 2750
12453 12454
2338 482 5421
1638 13594
9637 20619
1668 577 629
9667 67 9668
20033 20034
20035 6721
10507 22491
28321 623
12453 14517
6196 3518
8312 8777
3688 1890
3676 698
628 629
2572 11604
6129 6130
576 5817
13450 5358
3996 7075
23579 23580
11986 17060
23581 23582
6531 23583
17061 6438
10523 1264
10091 5736
10522 2484
15551 98 15552
701 945
946 947
948 949
69 26506
5076 2950 8331 2390 3982
5077 99 1587 5078 8331 2390 8332
16289 16290
9111 1570 6248
8836 13896
3349 16291
1668 21075
20190 20445
3031 9437
5595 9434
8429 19726
9898 9899 6622
14661 14662
2173 2174
3349 70 4540
4541 4542
3470 4543
4544 67 4545
4546 4547
27133 12175
27134 1563
14918 1338 14919
4915 3 6791
10297 4107
2932 2296
6523 6524
8483 2482
2484 1564
7360 6929
12144 12145
10790 1211 10791
12146 12147
1111 20232
21199 3082
1668 21200
66 6012
11799 1791 11800
6953 10676
15213 8658
1567 1567
308 375
23970 1481
15331 3904
11868 698
17062 3140
20997 1264
2699 2700
6129 25441
25442 819
6092 629
1318 1328
16989 8409
4053 623
9449 25051
2503 16102
16103 16104
14120 16105
6321 6322
7816 7817
16794 16795
16796 16797
5697 1440
3557 3601
3747 1328
13175 13176 9120
13177 13178 6079
2676 19701 19702
26876 26877
25160 26878
20963 13119
11834 14087
5841 5842
9078 22521
3623 700
9523 3904
9524 625
6900 2484
2960 6902
7629 19257
19258 2429 19259
4153 7392
11324 1570 18224
9858 1328
9859 9860
3531 625
7202 3677 9810
3105 9120
69 1146
9861 9862
16528 2295
26421 4054
5824 3140
8408 8409
755 70 11010
20909 20910 20911
819 9574
20912 18230
3799 14142
3577 3 3578
7096 7097 7098
6129 67 24798
22295 14934 19939
23148 14148
8897 8898
4544 7496 12178 3982
1668 12179 12178 3982
1781 9035 12178 3982
16370 16371 7213
16372 16373
8739 15646
24568 3904
1788 4815
24569 3904
22455 905
24570 2953
308 309
25768 25769
1668 98 25770
18101 25771
11403 6079
26292 6863
19107 19108
3541 26049
8312 8057 1324
10434 1570 22021
22022 22023
1326 1264
3577 5468
5713 5714 5715
10421 15600
1239 15601
15602 1781
6129 14746
11836 12464 12654
16552 12435 16553
2372 2229
5008 1264
26015 11136 1328
2951 2952 2953
6775 311 6776
1890 1890
1111 25133
9338 19527 1398
13832 9416
24160 24161
3141 24162
24163 24164
1437 1438
12477 12478
19392 19393
10834 10835
25699 629
1326 1567
25700 1322
25701 1567
25702 3084
21759 8993
4878 21760
7033 97 7034
4523 7225 15710
13927 13928
12543 16070
15802 19437
6027 6028
2562 2563 2564
2568 2569
2570 2571
2572 2573
2764 2765
2766 2767
1788 2484
5077 99 1587 5078
18814 4912
18815 1264
22666 22667
9637 9638
66 9635 9636
3799 14116
7255 9639
66 21893
25895 25896
2372 1338 9511
6460 6461
6462 6463
6464 6465
4740 625
19260 3381
6013 5145
19261 1747
3996 16690 9512
5683 5684
10144 5689
7329 24720
18901 12671
24705 24706 24707
10361 1567
10363 7005
10364 10365
1036
1037 1038
1039 1040
1041 1042
69 20186
3823 20459
948 20460
3236 3237
11511 26544
9303 11233
310 577 8068
19454 19455
9078 3448 18314
6212 8924
24860 24861 24862
16511 24863
20617 20618
16682 16683
373 1394
1668 8759
2605 1112
1111 17649
13324 3140
27242 27243
6013 6014 9028 532
1111 13545 3982 13 7724
819 5985 3982 13 13051
16103 15006 3982 13 7724
2572 6703
1483 7410
2338 2339
17148 623
2461 4815
21849 625
1482 623
2482 5403 12175
4604 4605
819 3 4606
906 67 4607
17235 1264
4775 4776
4777 4778
4779 4780
3656 4781
20305 3579
906 3529
5737 1319 10 7725 3982 13 7726
7723 698
819 5740
1668 1669
18316 18317 18318
5228 1264
1041 1204 10859
20425 21595
3489 3490
3491 1923
11438 3403
1668 6468 1101 3982
20912 24704 904 3140 1101 3982
23216 2412
3600 1322
23217 5270
3602 3448 3603 3604
16893 16894
3736 3737
1668 16895
25323 17318
3843 9926
482 7763
69 1813
24344 2950
12517 12518
7038 12519
6134 6135
9460 700
16528 16529
16530 73 10156
18235 2484
18236 1747
1149 5736
66 2982 18838
819 99 12585
5713 67 11397
12586 12587
223 18274
4169 18275
627 7187
28001 28002
14634 14635
10465 10466 5336
5176 17151
22329 22330
3985 16536
17364 4416
22331 22332
26773 3904
310 13756
7441 7442
2572 6420
27528 623
27529 629
22010 625
22011 372
8343 15859
755 482 15860
3122 11695
7795 16888
16889 1211 16890
21617 21618 21619
12843 1518
21620 21621
16879 9958 16880
3789 3790
699 2891
698 6267
25631 8777
24736 8570
24737 24738
24739 24740
2338 5173
5174 5175
5176 871 1267
12780 28135 28136
7329 5713 22473
11819 28137
15947 15948
15949 11084
10402 10403
10404 10405
5296 871 10406
819 3799
3557 3800
4948 1562
4056 4057
16155 1561
7142 1567
23620 625
3747 7187
7342 3 7343
5229 7344
5615 16783
22760 23765
6046 27093
3656 8420
12130 570 23107
6057 3688 4720
1563 904
1668 23346
6212 97 12457
6555 8645
8763 8764
576 4965
4963 4964
4120 2429 4121
19574 3654
3100 14562
66 19575
308 7390
4380 4382
4378 4379
19318 5003
15244 15245
19703 2982 19704
19705 3 19706
13061 24534
12133 24030
11834 24535
6296 24031
3719 3720
7443 12435 16197
13933 13934
4053 4054
2338 1481
10415 1264
27843 2088
10432 27844
19186 23406 2846
7886 1328
4883 13587
10413 10414
3031 15553
2714 4119 3697
1111 4122
4123 4124
20106 1789
16047 623
2638 2639
12487 2484
8792 5145
4171 12488
12489 3904
4815 1564
12490 625
4454 372
12491 625
12492 629
12493 1562
11678 12494
12495 1264
3688 6402 17565
11222 17566
4680 625
5462 3448 3603 11572
15983 15984
3656 26271
3719 26272
22927 26273
3470 26274
2295 2296
819 26791
26792 4575
1584 871 449
8224 98 2429 8225
1584 8226
1003 67 8227
66 22501
1039 22502
2503 12444
1397 22503
819 820
28569 28570
6083 9683
10975 10976
4825 4826
5158 5159
24992 4725
22380 22381 2306
15965 1150
3996 15135
12133 15136
15137 14693
8104 628
8105 372
8106 8107
8108 1211 8109
10371 25023
5981 11452
21275 21276
11433 11434 11435
12289 12290
819 12291
4365 27872
27873 27874
27875 2429
21407 21408
9222 9223
12738 12739
1150 2484
2699 27135
27136 27137
8118 27138
18504 18505
8546 18506
5158 18507
18508 2429 18509
18019 18510
3557 67 22174
5713 67 22175
18555 311 9873
22177 22178 22179
2890 3476 629
9830 3687
13232 625
22889 1264
8795 2484
5824 1328
22890 11743
1198 3 1199
75 16751 18910
13559 16526
576 2716 16527
8657 8658
8659 8660
1003 13701
3738 629
4454 5334 3082
14836 24219
3021 3 20291
10421 21671
21672 21673
4523 1289 19916
1200 1201
5981 22243
5337 5338 14286 1315
19189 19190 19191 14286 1315
576 19192 14286 1315
15947 19193 14286 1315
3577 22131
3996 6989
3543 25531 25532 25533 25534
1005 12691
9830 698
12692 628
12693 8993
12694 12695
15540 15541
11988 14129
4292 22894
4544 17953
3799 26956
8124 7962
20016 20017
2933 2934
569 20018
4544 1112
1584 277
3799 19310
14000 14001
14470 14471 14472
3100 11473
12391 24924
24925 24926
24927 24928
24929 24930
6196 623
6863 372
1318 2891
24748 7518
15042 2411
5981 7851 7852
16712 18381
3537 18382
2461 629
4915 3288
1397 1398
19735 7187
11024 1150
2484 12375
19736 2484
2338 11911
27903 20050
27904 2306
22153 22154
28533 6474
4455 4456
21816 8468
11678 4272
1668 12494
5631 5632
822 8486
12700 12701 12702 3982
12703 12704
2374 12705 12702 3982
25065 25066
3557 25067
66 25068
3470 13597
10546 24260 24261
21519 21520
11950 24262
143 24263
13719 13720
11083 2716 11084
18728 1326 18729 151 3982
1150 698
5824 1319
2461 904 18730 1315 8912
7188 9809 49
9070 9071
9072 1338 9073
98 98 21368 21369 5255 3982
1003 1242 24241 4916
1319 698
1790 19299
4169 2982 24148
1003 24150
2338 26888
12796 904
4005 4006
1150 3367
2338 570 7912
3557 20123 5004
1397 20124
6827 14063
376 377 313
3982 13 8049
14775 14776
13162 5003
6093 8114 3518
22046 2412 10817
9920 7289
18530 99 18531 18532
10669 10670
17018 17019
17020 17021
17022 17023
3623 1264
6198 1484
11228 1211 1889
2173 98 2174
9033 67 9034
1781 9035
9036 9037
4544 7496
12776 13366
10465 6975 13367
10088 10089
10090 5145
1668 12179
17576 3 17577
1788 1322
3476 7793 1264
16686 623
1318 700
9078 1211 24199
6862 623
2307 6863
6864 1561
6866 1322
6794 3 6795 6796
16151 1481
3843 3448 3603 3844
3841 3842
9486 1692 5279 5280 3982
3100 3101 6594
4097 10516
1111 23570
14980 23571
8886 8887
8888 8889
8890 8891
8844 24601 2396
24602 24603
8581 1338 8582
1039 18577
10552 17952
703 21804
3021 67 6381
5462 5420
20094 20095
19705 20096
8663 3740 8664
3191 3192
4544 66 8665
9980 25552
3451 629
3453 3454
17258 3517
7918 2950
20208 1322
20209 20210
18350 20211
6742 1692 6594
6743 2429 6744 6745 6594
5228 3687
26123 1567
5303 3308
26124 17023
5299 5300 1242 5301
1264 1319
8800 27313
4544 871 6347
14231 14232
26094 9189 11772
26095 26096
13273 13274
700 2950
23163 1747
3308 623
23164 6267
22937 22938
9450 8924
6732 6733
310 9720
25561 25562
13832 25563
5981 70 22243
703 3677 15417
26402 1923
7142 8792
2570 26403
1584 1161 6922
8792 625
8842 8843
8406 2306
14918 14919
13068 1242 13069
1584 13070
13071 7396
1364 629
8743 15326
223 6097
12738 17196
143 13238
14492 3308
8291 12704
1338 8292
2890 2891
20752 21349
22198 625
19108 758
8456 5145
25464 25465
21078 25466
8291 10832 904
10832 23625 629
2338 6485
6486 5698
6487 3579
1563 6488 1692
6489 2716 6490
6491 3 5983
3656 6492
11927 2846
11926 8777
10448 24346
8081 8082
12228 23152
23153 13336
16922 5089
23154 23155
13497 17138
1263 1264
1265 1266
15298 15299
15300 15301
4465 871 12494
7996 16396
16397 16398
16399 16400
1150 1150
7019 2484
3555 8678 1398
8679 2484
3031 1570 12412
819 311 7662
3557 6852
18852 18853
2589 3517
28291 22142
23613 8653
1091 15230
2140 15975
15976 15977
1633 4021 4022
4019 4023
4024 97 4025
7668 3557 18965
18723 18724 18725
1111 14496
12681 66 10311
75 2338 13897
2955 9526
219 623
11708 7187
819 12425
21617 21619
20547 1766
482 2982 1204 4572
21014 4340
23127 15382
4042 4153
2372 3 21869
4963 871 4964
3775 3776
12752 3922
18148 18149
18150 17742
7033 7034
570 1338 13336 4153
25761 1365
6385 1264
3622 698
25762 2482
20303 3687
12467 3105
5633 5634
24782 3084
7918 625
2461 3084
24783 1264
2171 26110
5600 482 26111
21676 19108
8899 3631
569 570 571
2372 15254
576 578
0 13103
7629 7630
5729 7631
9205 698
24905 16358
5552 24907 24908
24909 17565
24910 24911
13894 28420
18860 18861 18862
66 9766 3105
3022 15349
7458 2716 15351
16602 16603 3688
2290 570 10595
16604 1319
5824 6863
4881 4882
11260 20072 20073
6296 5633
906 907
908 909
16849 623
6315 6316
2710 2711
11811 25234
701 2152 372
3349 9419 1667
4442 4443
3021 1161 16760
20913 309
3823 20915
819 20916
66 576
20917 20918
12602 12603
23722 23723
18297 18298
6365 1727
7772 7907
1790 9501
1584 482 9502
7449 9603
15769 4542
7449 28546
4380 3539
9084 22513
22514 70 9964
1397 18579
28721 623
1111 67 1975
19808 19809
9310 67 9312
12671 19829
12515 12516
1668 28105
66 28106
6125 28107
6272 15418
3100 9387 945
7525 9388
2372 9389
2503 9390
9391 9392
11511 11512
4496 871 11554
23117 23118
2286 23119
5077 23120
13707 3 13708
10648 17287 10649
21363 16922
14563 14564
4929 5145
23904 2484
23905 5145
17014 3308
310 13092
22060 1264
3676 623
19110 1211 19111
1041 577 11802
21017 3687
16257 16258
5713 570 27303
3885 3886
2973 1211 2974
3322 3323
2975 2976
2712 2713
6344 8788
2239 12611
819 23419 23420 21093
23421 23422 23420 21093
18756 23423 23420 21093
18083 18084
1561 2484
5228 13880
18677 1319
3579 3434 28376
15997 15998
28377 28378
15572 15573 6484
2374 15576 15577
4963 16316 8928
3843 22408 22409
3349 13353 3982 13 3983
5729 13354 13355 13 3983
4931
4604 578 4931
10165 10166
26252 26253 9766
12533 22778 625
3557 4272
19977 22779 22780
1580 3 1006
8303 14265
5736 9997 9998
1003 23529
13679 23530
622 2484
26143 6731
15088 7187
17206 3381
1439 1440
8537 629
2338 7390
906 3452
8303 10686
15958 27969
4056 27970
11362 15061 15062
3539 3540 15062
7795 2429 7796
7799 2429 14332
6296 14333
1150 2891
9684 2484
19799 1562
10801 22006
13171 13172 10949
5460 7876
6765 6766
5930 5931
1150 4694 3676
2699 4695
2142 4696
1928 1929
5595 25087
1289 19476
2699 19477
12746 12747
5759 5760
7500 1264
11752 1328
7502 1927
13526 13527
10529 13528
13529 13530
2714 871 28123
223 1161 14693
7409 7410
7411 870 7412
7413 623
13349 6316
12423 4335 12424
5600 12425
11769 9958
1668 10952
13747 98 14851
2714 3697
1668 3698
5462 4272
9414 9415
2175 2176
8792 2412
3020 623
2144 8205
27308 629
309 26659 625
2338 11414 11415 11416
11417 1587 11418
21535 98 3065
2710 15053
5581 1338 3081
19716 27909
12303 3082
12304 625
1326 9158
12305 2484
1321 1440
2605 11442
13816 4153
2171 2172
5893 25363
3799 309
25364 25365
25366 25367
25368 25369
2714 577 25370
25371 25372
908 25373
3349 25374
12655 12376
25614 625
1747 1567
25615 3518
1562 7984
18709 5145
3918 2306 904
11886 11887
15005 8658
7033 20009
20010 15262
16914 16915
26262 1338 4575
26263 26264
5552 19859
373 98 15993
13867 18490
13300 18489
819 18491
14236 14237
13538 4561
21401 21402
1150 623 21938 3982
6093 3622 1328 21938 3982
2887 2774
99 99 2292 12704
1338 73 819 8292
24088 1570 24089
1668 2716 24090
9084 9085
9086 9087 9088 9089
9090 9091
8091 870 12115
12116 12117
12602 75 13484
2572 13485
1005 3 13486
24318 24319
24320 24321
2372 73 18311
755 24322
8894 8895
4097 18661
5631 18662
10986 18663
14678 18664
18319 18665
18666 18667
310 814
26717 6160
817 818
8739 8740
8741 8742
8743 8744
7225 8745
26151 26152
3475 629
8442 8443
8444 1161 1668
6212 482 8445
16267 570 22835 18462
22836 22837
22838 22839
3866 3630
9882 623
16000 16001
3686 1264
11124 628
13697 1264
11125 98 11126
27463 27464
703 27465
19131 27466
17074 27467
21608 21609
21610 21611
21612 21613 21614
8983 11131
629 7235 904
1484 904 3622
3823 17165
3656 17166
26582 2484
3962 2306
11669 1039 14294 14295
906 4607
6294 6295
6296 6297
3541 6298
143 6299
27098 27099
3747 3518
3100 7593
5247 97 4976
21248 21249
1747 2589
16555 16556
13775 1667
12133 16824
6011 16825
7828 16826
25627 2891
25628 1440
7360 7361
1812 6220
6833 6834
3254 1319
6385 4854
908 25884
10458 10459
8518 2891
1150 4815
20411 67 20412
576 3 20413
819 20414 3693
20415 7390
20416 20417
3287 1481
4838 4839
13867 3579
23874 1440
23875 1562
23876 23877
6951 13602
11828 7653
1666 13603
3719 13604
13605 13606
22636 22637 1101 3982
22638 11765 22639 3773 13 3169
6272 22640 6888 3982
16756 67 16757
16758 16759
3021 16760
16761 16762 16763
1668 16764
16765 13369
5713 16766
16767 16768
3100 16769 16770
22085 22086
1638 22087
9084 22088
20558 4815
3 21729 21730
14287 1211 3448 14288
3996 482 7075
13138 99 13139
7329 10560
755 13140
8429 19796
20249 98 20250
1003 7496
7493 7494 7495
2589 2484
20446 26381
25078 25079
10011 99 14055
26593 3579
26594 26595
4572 14520
1587 9980 9657
2372 577 15254
2674 577 2675
576 577 578
13636 2484
13637 13638
13639 8057 10157
3767 3768
14086 23192
7443 16881
755 24893
3557 1570 3558
24546 6267
24547 14119
1564 1565
24548 7984
2714 11417 6922
19751 6637 19752
1037 19753
97 819 6756
6425 6426
69 6426
25431 7984
25432 629
3537 19637
13134 2982 14613
448 14186
14187 14188 14189
3557 15128
13169 13170
3624 2950
28234 2306
2254 623
22309 698
9220 17751 9221
17752 9120
1239 5594 9051 11451
5981 11452 9051 11451
3557 27087
20836 23532
8999 23533
4313 20832
16711 3448 3603 7327
16712 2846
2712 1747
4465 12443
1320 3518
26564 1322
26565 9243
15466 26566
17711 17712 6948
27612 174 27613
27614 27615
3821 3822
9303 9304
908 3826
2306 9652 1318
5460 8194
1318 4815
6407 1565
6408 2484
6929 6930
6931 6932
6933 6934
7074 8777 3982 13 25019
3470 25020 3982 13 25019
1481 4854
17210 11835
18288 625
8457 18289
23826 16751
13559 23827
3031 23828
9991 6316
1003 9992
3053 18892
67 1397 8319
8056 8057
8058 8059
482 4572
1668 98 3222
3543 12526
3980 3981
819 27957
15949 22561
250 20866
20867 14142
21380 21381
1638 21382
11362 21383
5981 21384
2777 1161 2778
7622 7623
15457 15458
1790 73 628
6553 6554
6555 6556
1668 3 449
4878 99 17809
1003 70 22956
9283 18078
5077 67 18905
310 1338 16001
11958 5762
9120 17752 13237
11556 11557
19541 19542
25695 482 25696
66 19167
310 99 23218
7360 25697
2292 6776
9669 12192
4546 12193
7329 20727
4076 3308
11938 3985 11939
11940 3 11941
14495 11585
17379 14494
8118 16615
223 7964
19530 19531
1397 5937
1998 625 19332 3982
5595 2411 6439 14286 18323
1397 14429 14286 1315
3543 18672
19899 19900 19901
2206 904
2290 4317
4604 24414
2714 2715
753 28143
3577 3578
7290 10949 10950
4169 10951
1111 5551
24350 24351
310 24352
24353 24354
1318 625
18785 99 8653
18786 1692
25661 3904
14836 1267
3996 372
10691 10692
9026 9027
4915 10551
10552 10553
6731 625
3100 10554
6953 26947
13894 13895
6984 6985
25972 25973 25974
6059 6057 6058
7096 3 7098
3676 16688
2142 2143 21890 48 2352 28597
21620 28625
3308 1562
8312 7187
17875 698
25803 1789
1150 7187
4523 1587 5514
14523 28621
6342 28622
2 15304 28623
7458 28624
13315 11606
75 23759
66 3288
6048 9900
3659 24765
24766 24767
24768 24769
12342 22430
19977 22431
22432 22433
5697 10681
1111 1519 1520
12323 27748
3557 27749
11713 576 11714
1693 11715
5299 11716
20148 20149
12947 20150
4883 20151
16303 98 10011
9925 3579
24526 1440
9657 4523 1692
16970 20679
978 20108
5299 4986
2147 20109
8642 13981
13980 7793 8505
3347 1211 3348
9090 16054
1483 1890
1481 628
25190 10302
5462 25191
309 623
702 904 10681
8312 6385 625
8388 8312 1747
2482 3688 629
2484 1791 10831
21121 99 311 9998
19127 20901
67 17578 15032
13860 625
21643 4912
19491 12376
1003 13416
4878 19492
23983 23984
2142 2143
3349 8928
20631 1338 23687
23688 482 23689
5600 570 23690
23691 23692
20400 5145
4169 10736
819 10737
223 6786
1668 10738 10739
5310 10740
1235 1236
1237 1238
1239 1240
755 13369
6953 24934
4662 4663
3100 24935
4664 4665
9721 67 12943
3996 482 6902
14279 623
14280 14281
2591 1326
10923 24638
2144 3140 1264
21499 5145
3996 70 5983
11070 11071
9078 28188
26790 22471
28189 7188
26608 2306
819 7662
10168 19436
2305 625
2307 625
12133 20405
7640 7641
7785 7786 7787 7788 3982
1996 1997 7789
17886 623
27973 1998
5824 15756
5696 2891
28252 1562
3346 5405
14251 1562
4636 1328
4637 629
819 1587 23419
98 23421 23422
18756 23423
12475 17748
12464 871 9825
14931 25838
2338 99 25839
6294 1161 25840
12464 67 25841
3557 482 4986
21425 21426
7265 10906
8739 10907
1039 6080
819 577 2201
1397 2208
3543 18839
12903 12904
20281 625
1364 623
6798 5697 5004
20282 698
20283 1440
20284 904
14923 1264
7235 2484
16096 3082
6129 24798
8303 28200
2670 1747
2290 2671
2672 2673
2676 1211 2677
19789 19790 16688
16259 16260
1149 4799
25625 2774
1319 1264
18271 625
5495 5496
5497 5498
310 24536
308 24537
3761 24538
6277 625
12073 9747 12074
12075 12076
819 17726
19950 2484
19951 623
1668 12172
17069 9051
9515 19084
19085 3579
3349 1667
19086 19087
10608 19088
819 2891
4496 19089
4878 19090
11247 3140
5382 1264
7089 1440
11248 3904
23918 1567
23919 629
5548 5549
75 9168
6951 9169
6953 9170
7423 9171
3743 9172
4523 19474 19475
16839 3579
16840 13590
16841 3579
2764 16842 3579
6134 1338 6135
1668 28716
28717 28718
2461 3308
18944 4854
3557 18945
1198 18946 18947
10331 18948
7929 1723 7930
3982 13 6908
3447 3448 3449 3450 7931 3982
7932 6863 3982 13 6908
5915 7933 3982 13 6908
7934 625 3982 13 6908
2461 1150
20687 623
20688 4854
1326 625
18829 3 18830
11951 482 16470
17597 18831
12843 12844
12843 12845
15042 2982 2411
5296 24299
9640 9641
11790 11791
5826 11792
11793 99 11794
4662 7107 7108
5309 5310
5311 5312
5313 1338 5314
4807 4808
16620 16621
14976 8292
16809 16810
1211 576 15188
9295 9296
7772 8293
1003 7193
6450 3105
7525 21178
16103 98 15006
15019 2544 3982 13 28171
11050 28172 3982 13 28171
576 28173 21395 21264
2228 2229 21395 21264
11083 11084
4445 4578
7443 6421
10119 577 3
8860 3084
1662 14151
27896 27897
1668 67 27898
12864 27009
908 26163
26164 26165
26166 22430
819 4606
1668 1338 2283
6321 1161 13524
4005 11596
11597 904 1264
13663 13664
9863 9864
12039 12040
1003 11701
11240 6921
7944 3622
16483 1321
16484 1319
2589 1319
2590 625
2591 623
1923 1924 1925
2890 2890
8418 10974
819 1668 6922
2484 629
2714 23616
14874 1747
7142 2484
19988 2891
18574 629
373 25037
3100 25038
3102 1211 3103
3488 2396
20306 1318
13206 13207
11673 11674
3557 11675
11676 11677
11678 11266
3220 3221
66 24943
3382 11836 11837
6296 26933
2338 26934
9810 22540 13177
8553 623
20613 3140
13162 625
10528 4285
10529 10530
5687 10531
10532 10533
6296 10534
17597 871 18390
4465 13626
1289 1242 16195
1289 26286
73 10089 10778
11811 11812
819 8577
12183 1927
3541 20958
6141 4761 1747
3799 11166
2308 1264
9642 11582
12864 16789
19076 24010
16305 16306
6189 629 17006 13 3983
7818
3858 6190 3982 13 3983 7818
19224 19225
2604 758
4169 25016
19110 19111
21918 2484
5736 1563
11752 3346
10421 577 19388
23321 5004
23322 1692
21667 14131
6296 23418
7797 7798
7031 7032
1149 2891
4760 7972
8926 1322
11474 11475
11476 625
25160 8728
1668 22895
23353 23354
576 23355
24192 3082
4740 904
17787 17788
2292 3799 3948
6149 6150
14849 14850
13747 14851
2448 698
8312 3082
11431 6092
11735 1328
9597 5697
2672 25550
75 18830
576 15199
819 14536
1235 18498
18499 18500
3996 5983
5915 70 18484
18890 18891
8518 3475 3622
1563 2484
17237 623
6296 17238
26361 8035
26362 6092
25490 25491
7855 7856
13318 15835
22864 11260 4929
5543 6008
10368 25688
24879 24880
9231 24881
20707 4561
20708 20709
20710 20711
6722 20712
14790 623
9414 14791
9078 8788
11344 3493
11345 11346
9026 11347
4380 4381 4382
16356 16357
15898 16358
569 2716 4444
12819 12820
12821 12822
10831 10832 10833 623
5936 10836
9995 1365
6772 6267
6775 6776
9996 9997 9998
19906 10608 10608
19907 19908
2288 11447
7329 871 11697
24200 3540
24201 24202
1668 24203
25988 25989
8020 25990
1111 482 1520
1364 1365
26545 1562
2296 1150 904
9831 4912
9571 4043
13189 13190
13179 13193
9077 2484
3161 3162
26254 3140
1788 700
26255 8777
4524 13705
2338 1587 17897
17898 17899
10434 17900
2714 2411
7497 17901
17902 17903
17904 4153
17481 17482
1668 2340
12464 18332
10975 19490
1693 16968
482 17604
12418 1692
9838 9839
310 9840
3349 27831
5077 15438
15439 15440
11125 22675
22676 10817
7828 570 7829
11195 20725
7835 904
10333 6948
25163 4153
6365 25164
308 67 14993
10921 24957
22017 1727
7657 7658
5296 7659
1003 577 7496
7057 1319
20572 627
7835 3961
18363 4340
3767 3768 3769
3770 3771 3772 3773 3774
3775 3776 3772 3773
3774
27275 27276
3470 27277
4099 27278
10669 27279
310 27280
27281 27282
18186 26993
24155 1789
1003 24156
17877 17878
4379 4398 4399
69 4400
2114 4401
25868 25869
25870 23142
10975 14829
1668 482 24963
14931 67 24964 9825
20474 20475
4883 20476
15247 310 15248
14931 14932
66 10110
7640 10542
7996 10543
3100 10544
10545 10546 10547
6922 7327 7328
7329 1005
19073 871 25589
3541 25590
6525 6526
7713 7714
21910 26144
1668 10472
6811 10358
75 1338 14841
7254 1264
6093 5003 1564
19670 3381
1781 372
4815 2891
4816 1264
4817 628
4818 629
9684 4912
1263 698
7918 6092
2843 4542
6092 3904
2956 1481
1633 98 1635
6555 12120
12121 12122
12123 12124
1693 18231 3475
15042 24605 9120
12655 10155 1926 189
7316 13269
371 372
16993 18803
2140 2716 24726
9078 97 8788
3124 12530
5685 5686
14691 27606
20541 623
3308 11403
5697 1328
1397 67 623
75 13897
10507 10508
4169 12494
13179 97 13898
13899 13900
2714 8762
9295 28724
13943 13944 13945
11669 13946
310 13092 16311 3982
24423 24424 16311 6688 5306
69 24425 16311 6688 5306
6533 24426 16311 6688 5306
1267 1268 16311 3982
2338 66 4603
1668 2283
569 4444
16998 625
27685 10681
309 698
3688 627
27686 623
372 27687
1788 623
6129 10111
1003 14227
19517 4443
15892 15893
15894 15895
15896 15897
15898 15899
23681 2484
6189 629
3447 3450
10006 1727
21357 625
2950 3084
11774 1587 21358
7280 7281
10273 1927
10274 2953
5736 1564
3238 3239
7792 7793 7794
7799 7800
3541 17078
819 310 8937
2290 2372 14505
3100 2573
11436 11437
5247 19395
9763 9764
19396 19397 19398
19399 19400
2482 698
18846 18847
18848 18849
13509 13510
13511 13512
13513 13514
13515 13516
28366 577 28367
28368 700
17848 28369
9460 28370
28371 24466
4720 9996 3140
6756 26 3084
25854 7187
18172 15382 3982 13 11075 51 18173
703 1398 3982 13 11075 51 18173
1668 3222 8912 3982
1003 8913 8914
25348 5145
18998 18999
310 16764
9962 3 10904
4465 22195
18101 18102
18103 9385
4723 18104
4560 21700
69 97 20164
1397 5869
2338 16901
1289 16902
5595 16903
11007 1322
11008 3623
11009 1264
908 11010
11011 11012
3053 3054
28745 28746
28747 1320 5004
3985 25686
26184 26768
1111 26769
2 24832
3602 24258
1668 14364
7615 7616 7617
7449 24662
6808 24663
24664 24665
481 4175 24666 6373
906 15275
12228 15276
14644 14645
14646 14647
14131 9191 10724
14484 1723 1692
14485 14486 625
17752 3 9120
13830 584
6448 6449
6603 8641
8642 8643
7668 482 8644
5713 449
4465 20213
12238 5405
2292 577 5804
10465 698
14992 4799
1559 625
1561 1562
15222 8653
3656 28520
4171 2057
15958 15959
67 7541 20362
15884 3518
15885 1565
15886 11035
2484 698
3959 3960 3961
3531 1264
17070 2482
5600 19995
4913 19243
9070 17061
576 4916
1781 19996
819 19246
19491 4416 16751
4056 27703 27704
10098 623
10099 623
17490 17491
11560 11561
3885 19212
1111 21570
4963 7912
13983 14988
9957 25569
12391 449
2116 2117
9417 9418
308 6271
9677 6273
12712 6267
12712 1567
17643 2412
871 3470 1242 12387
819 1587 5985
2699 28006
1584 28007
28008 28009
5059 5060
5061 5062
7826 7827
7828 7829
1668 70 17239
6129 10021
18186 27723
27724 25107
1633 27725
4455 70 4456
3220 17556
5176 5181
5296 5297 5298
4216 16517
310 67 26443
6681 3 6434
906 8019
698 1440
10920 2955
2338 7912
819 3904
14384 1318
22004 4542
15874 1338 4542
17752 98 2982 2411
14434 311 14435
23303 3351
15379 15380
11303 15377
1111 67 11369
906 871 223
26041 26042
1318 623
17721 16603 5780
8089 12038
8854 482 8855
9163 2891 3982 13 12897
12898 904 12899 3982 13 5267
1149 623 12899 3982 13 5267
1150 3517 3982 13 12900 9398
5552 5553
15031 15032
2714 22792
6294 6212 22719
22720 22721
12130 12375 21786
8693 871 8694
15187 1338 15188
15189 15190
629 23001
9026 24358
1668 8944
10394 10395
8290 4153
12237 3082
12239 1747
19011 73 13097
3112 570 19012
11636 19013
1668 67 11770
11771 11772
1668 11773
11774 577 11775
4523 12348 24486 24487 3982
3823 17165 24486 24487 3982
25263 27448 27449
7254 5736 3982 7252
7249 7250 7251 13 7176 22 617 3169 3982 13 7252 7253
7255 7256 3982 13 7252
9721 3448 11583
17659 3904
17660 6863
1812 99 1813
13347 13348
8429 4838
73 10089 10778 3774
4523 10779 10780
1041 1042 123 9402 3982
6209 9557
6342 14319
14320 14321
576 14322
1111 14323
11812 8242
2110 14324
1781 14325
6125 14326
819 6160
9560 9561
2338 14039
7225 7226
3100 7227
4523 4524 7228 4525
11693 11694
7329 11697
23138 23139
4315 143 6850
3470 6851
22916 3799
25462 25463
2605 625
3996 871 1267
27473 27474
6196 1264
9425 372
9426 1266
1692 8763
12391 24012
24013 24014
1111 22503
24015 24016
11836 24017
66 24018
3996 5457
5458 5459
5460 5461
6863 1264
2306 904
15284 15285 3854
18551 625
819 6923
16836 629
18428 18429
755 18430
1584 372
8312 5697
755 570 13136
16559 19160
18299 18300
2589 5824 2891
10591 2484
24814 24815
3308 10089
3688 1264
1005 18517
3470 13898
2503 28124
2672 28125
1563 1747
5335 5336
5337 5338
310 23018
5550 5551
10421 24516
8700 24517
9078 24518
9078 24519
1111 98 23089
8457 2982 8458
26207 26208
3100 311 24935
815 15064
24552 2982 24553
7388 577 24554
24555 24556
6794 15205 6795 6796
10955 5736 1481
627 629
1319 629
309 10497 1481
9156 1326
5697 2589
6833 12989
17523 18333 18334
5595 12966
12967 12968
5595 9241
11961 11962
11963 4542
11964 11965
9677 2573
373 25645
66 25966 6342 15173
5296 17717
17718 17719
6531 25746
3140 7972
6196 7187
11307 1324
6196 9460
24452 3 24453
2338 3 24454
6342 6343
3799 15795
4879 10472
17683 17684
16511 17685
1397 17686
1746 1747
12712 623
3308 625
2114 19179
9766 19180
4442 19181
1289 19182
13902 13903
13904 13905
13906 13907
2982 482 13908
11913 11914
1397 11915
67 11916
3404 1211 3405
5685 7520
3266 20215
19705 20216
20217 20218
6731 3517
5713 1161 22986
2085 98 904
8777 3747
21835 21836
3996 21837
10771 10772
28332 3677 15417
1668 18816
18209 18210
2712 2727 15889
13867 3 12376
10806 2716 449
14480 1567
6212 1204 1264
948 98 949
22349 2716 9961
22350 1587 4170
3688 629
11406 623
9156 623
13393 13394 14183 2737
5595 9434 14183
18793 1289 173 4524 21826 2737
308 8371 3769 21827
23472 3084
23473 3579
23474 1692
6342 19712
13059 19713
7280 1587 99 19714
16145 2891
1111 11442
1198 4738
4739
2292 4740
4741 4742
2800 2801
1668 1211 2802
2803 67 2804
1200 26966
9090 26967
19893 19894
17210 26968
1319 1319
2482 2482
23053 625
23054 2891
22576 629
17511 3101
9313 9314 3982 13 13051
13052 2484
1636 1637 3982 13 13051
4723 4724 3982 13 13051
3122 4977
1111 67 13545
17829 629
17831 17832
25795 25796
13132 13133
16096 1328
5299 8714 27729
7388 2995 27730
1289 19905
4315 18958
5310 6135
16630 16631
3921 3922 3982 13 7724
9364 9365 13300 14712 5790 244
906 17574
10465 23453
5387 577 5849
5850 5851
2712 5852
1150 698 4930 4931
1791 1747 4932 4933 4931
22713 4986 4930 4931
1668 21423 4930 4931
819 870 820 4930 4931
11904 11905
4497 4498
5076 2950
5077 5078
8825 4912
1582 1583
1586 1587 1588
4169 19886
8705 8706
14441 14442
14443 14444 14445
2140 2141
2145 98 2146
9751 9752
12746 28334
14392 28335
3996 11077 11078
11079 1111 11080
4454 2484
3599 3140
5915 23997
1318 3517
1111 6133
8650 15709
26553 26554
2338 97 26555
26556 26557
2295 98 26558
24005 24006
5713 25996
25997 6287
699 700
8702 12882
9962 25998
5150 21421
3843 5815
17210 21422
21424 18320
27117 3518
12448 27118
5379 2950
27119 13589 1692
11264 66 25235
1003 25236
13867 25237 25238
7249 98 28214
12898 8777
17316 8993
17317 17318
8880 8881
8301 8302 2484
8303 8304
8305 8306
21608 26444
12708 904
9049 5736
13332 6160
1781 819 19366
2589 1565
17729 15889
2482 623
12712 2484
19135 1003 629
19136 1264
629 625
19137 3140
11927 14934
755 14247
2295 11835
15391 12671
9120 11248 25247
7668 4170
21478 1692
7193 14096
13068 27755
11607 11608
23824 23825
17210 23365
3541 23366
7350 7351
2605 2229
20625 20544
8379 623
1319 6863
22901 7615 24626
5296 24627
18721 13 11105 22 617 5897
28521 28522
3053 5559 5560
8577 9762
703 9765
9766 9767
19603 19604
14867 6484
6196 625
13948 1481
16004 16005
7310 7311
25229 25230
1111 25231
8605 2716 27172
3557 3 27173
19719 99 11318
15193 2953
12866 15194
28332 15417
2712 15889
11126 7121
1264 22149
27316 1264
5713 311 449
5713 97 24721 1667
22497 24722
4544 70 1112
11802 3624 625
625 1998
9644 5145
21057 4054
9078 1338 12054
12055 12056
12057 12058
3799 13120
7193 13120
17074 17075
13906 17076
14357 17077
15379 9070
14874 628
2407 20560
20702 20703
15385 15386
15387 2677
15388 15389
1111 577 17812
10724 5003
1790 17813
2338 67 17814
4878 20067
19019 19020
19021 623
906 97 19022
19023 19024
28819 28820
13179 26807
18130 14732
1005 16941
16942 16943
1235 98 6443
6441 6442
5981 20799
16228 20800
9184 16001
16281 698
4173 1264
3688 2950
28395 3517
8035 5824
8057 1927
3220 3221 8912 3982
17152 17153
7772 98 2057 2058
9901 6975 9902 9903
9905 2295
4963 1667
310 10908
627 1890
6863 4740
2292 24579
70 24580 24581
3676 3904
4915 70 4916
3308 9495 629
755 6751
2292 5804
4873 4874
4875 4876
4877 70 4878
4879 4880
4883 4884
1149 11035
2484 699 699
2568 5818
16990 15032
16991 16992
16993 6366
73 16994
2116 18113
5299 18114
3557 18115
4169 18116
18117 1398
373 18118
18119 1889
3602 8709
18120 18121
18122 18123
17740 17741
7510 17742
14901 14639
2372 70 16449
5936 1204 16450
4019 21396
4362 21397
21062 625
4878 10311
7988 5514
6616 3579
9802 9803
2803 2804
8091 12115
3843 12152
3020 6056
10155 5824 10156
9157 10157 10158
10705 10706
27924 27925
819 22851
1397 23649
11543 2589
12655 4723
26952 26953
9642 9643
1584 13378
15228 15229
14050 26804
1856 26805
2605 19944
2766 9385
2714 23756
2591 5736
19093 19094
576 3 22169
25386 25387
23556 13226
4053 5004
6294 17800
15983 98 16380
310 16001
8118 27938
6093 17487
5697 625
6677 7187
15884 1328
2484 5145
25594 700
1693 15417
5210 1161 5211
448 22781
15143 15144
23046 23047
3100 23048
1781 9234
3688 904
14116 14117 8292
11678 18054
5926 3448 19506
2960 7075
3976 6323
6324 6325
1668 819 14464
26846 27405
7449 27406
13906 27407
27408 27409
27410 27411
27412 625
4445 4446 5137
66 5286 5287
1693 482 3475
19513 19514
1111 28360
26456 7984
17738 3105
7918 7187
27235 13112
18738 27236
27237 24466
27238 27239
2338 19916 3982 13 6908
27198 1747
13161 2891
1812 871 10416
7541 25338 9830
3843 7892
1668 7893
18950 18951
24641 1563
1481 3961
8577 8578
11584 11585
14678 14679
3747 1927
19213 19214
19215 19216
20930 12815
20931 20932
6209 20933
3266 3267
1441 3268
3269 3270
3271 3272
1441 3273
9721 9722
4465 4466 19540
15368 3103
15369 15370
15371 15372
9440 11036
24473 1264
24474 16517
1790 24475
1584 24476
24477 7280
15516 24478
3100 24479
3453 3677 3454
9766 7225 14348
14349 14350
1668 14351
14352 14353
14354 14355
14356 11693
14357 14358
14359 14360
6129 14361
14362 14363
701 14365
8554 8555
8556 8557
19186 2846
19187 1328
21482 26843
15472 2484
23620 3308
23986 5145
3577 5069 3982 13 7812
3022 7813 3982 13 7812
1668 7814 7815 2390 3773 51 7812
7816 7817 4930 7818
11940 70 4878
2338 22200
20553 22201
13983 14734
10507 14030
14031 14032
9924 1692
7629 871 19257
19258 19259
576 97 4965
1668 7853
6294 7854
11146 11148
1668 2371
20389 20390 20391
7329 20392
908 20393
2338 11416 99 11415
1319 6731
12608 3082
4099 12609
12610 2982 12611
310 1211 12612
7918 4929 8409
1890 699 623
6092 625
1150 5824 1481
18942 18943
69 1667
17043 11743
5003 904
10163 15585
7189 5926 15586
6157 14707
1289 14708
1111 5467
4097 26172
4442 25481
4136 26173 5617
6677 6678
6679 6680
6681 6682
11205 18542
5365 6366
23479 4912
9119 9120
21010 3381
13707 13708
19872 19873
9980 10783
17738 9830
3799 3 23599
7193 13038
2699 1338 23600
4963 1570 22350
12542 10530
12543 12544
4171 7287
5299 7288 7289
7290 7291
11240 1890
3688 698
22143 8293
627 1890 18521 3982
6863 4740 18521 3982
9206 23833
16467 5514 3084
6196 28638 3579
627 2891
28337 623
28338 28339
1111 97 11442
10866 11505
5431 1789
5003 7410
1781 3140 5279 5280 3982
5713 449 6594
10501 10502
628 13415
481 11888 11889
3122 6736 6737 3982 22 3858 6738 3773 48 6739
5379 625
25439 5906
1668 8781
8782 623
2605 8783 8784
6321 8785 4292 8786
8787 8788
13179 24499
13461 1484
12795 9158
576 16527
1109 1110
1111 98 1112
11758 11759
13865 625
9188 9189 2383
3959 6484 5916 3579
292 9190 3919 9191
15557 15558 14286 1315
15559 15560 14286 1315
15561 15562 14286 1315
6046 24327
8691 24328
4292 24329 24330
11083 16525
6321 13524
7280 28794
6129 28795
5981 28796
28797 3140
15707 8606
14058 22477
22478 22479
3557 22480
10563 10564
1203 12423
815 22481
6464 22482
3557 2015
12776 22483
9921 22484
15145 15146
11558 12182
16778 16779
16919 6721
7918 14119
2374 12705
13757 21802
16956 871 7203
3996 1161 5432
6093 6863
9980 3 9981
9982 4575
15832 15833
3541 15834
11035 1890
223 22317
9830 629
3470 8594
5893 99 1747
1668 12454
15947 19193
17210 22712
22713 22714
66 4547
1364 698
15459 1211 15460
8581 26306
19231 482 19232
1723 1319
16904 6703
8739 10423
14372 5542
7622 28246
1003 26476
3100 28247
7310 10874
3996 4464
18913 18914
18913 18915
18916 15458
8577 17776
3021 10954 1975 10955
9815 2953
1580 1150 905
6212 6056 1264
5824 3308
19825 1562
7362 7363
5981 6752
99 98 9243
9244 9245
5780 67 6613
9246 9247
3980 20363
4879 27208
11146 21927
27209 7793 27210
1781 27211
310 4653 27212
18186 27213
7874 9078 27214
27215 27216
27217 27218
69 15251
16444 16445
1198 16443
3825 70 3826
14901 24485
3189 3190
23209 23210
13179 19930
819 2201
2202 2203
24085 24086
1633 19929
11948 14845
14307 3448 9120
19474 21545
308 9392
2295 21546
7668 16529
8478 8480
16856 1319
9017 9018
19947 11561
19948 19949
13621 13626
5077 8109
10250 28630
8093 26642
4005 13991
4315 13690
13691 13692
13992 13993
9084 18169
6046 6047
1111 28253
5003 1481
1397 570 7361
28459 623
373 6113
703 23358
624 625
11023 1264
16552 12435
10897 1006
10898 10899
1239 10900
75 10901
20723 20724
7202 1587 7203
1790 15738
2374 1587 15739
10994 10995
10996 10997
16172 16173
10125 16174
10998 10999
18172 15382
3996 98 7695
3541 19242
19244 19245
6129 6182 6183 6184
1668 1338 28087
27290 97 28088
1318 2461 1264
26083 1561
570 7912 2338
11834 20740
2484 623
20243 625
8702 21423
19354 3579
19355 3654
22863 3655 22864
22865 1563 5514
22866 10724
9338 16603 3579
22867 22868 5003
15707 6703
22869 12175
3624 2484
22884 623
10705 21375 21376
15247 7370
14052 14053
18128 18129
14133 15594
906 13991
4544 14691
5286 21664 17942
15607 12396 20653
18010 18011 13369
17186 17187
4878 20021
19157 1324
19258 1211 2429 19259
26702 26703
15712 1264
23729 23730 12671
17618 870 23731
19528 3022
1003 14562
6722 23569
18679 18680
3559 18681
12455 18682
18683 18684
3884 870 1692
15488 6474
7668 23784
69 23684 23685
6272 6273
14931 1397 14932
7033 13705
5867 5868
17210 21232
16970 24271
14949 10681
3191 14950
8240 14951
5867 11905
26787 27913
6321 27914
4169 15566
4604 27915
4791 27916
1091 27917
3470 14562
27918 27919
1668 27920
5713 27921
223 27922
25033 25034 25035
1003 25036
9349 9350 9351
8429 99 2573
8430 8431
2800 577 9963
16228 3 21626
21627 3275
22745 22746
1856 22747
22748 22749
4134 22750
3100 11082
1111 9392 14049
14050 14051
13212 13213
12671 27359 27360
23729 98 6975 27361
821 822
4963 311 12092
11940 12094
904 9830 1264
8860 2484
27265 2484
2338 98 27266
18708 9051
4302 8583 18710
1397 5004
2777 22375
3236 22376
7517 7518
7519 7520
6615 14779 629
8291 8342 1481
15847 15848 15849
12467 3105 3769
2114 14076
8118 8119
1039 4292
18215 2171
9980 18216
23854 698
1326 2950
14175 14176
4618 14177
18279 18280
27712 4542
27713 27714
66 11585
14271 14272
9206 67 9207
6294 14273
1812 15456 4930 3984 3985
7874 7875 3979
2484 2482 2484
8312 2891
5286 1813
7202 10496 629
13790 13791
755 13794
3761 820
99 3579 13361
10965 67 22227
22228 22229
569 2088
20759 111
20760 20761
20762 20763
5077 5302
19520 19521
19522 3946
19523 19524
1111 1338 26019
12419 570 19075
22362 22363 22364 22365
22366 22367 22364
16096 10089
1319 623
16155 1319
16408 2484
16409 2891
6313 6314
66 70 3212
223 871 24531
143 14608
14609 14610
14611 14612
20771 625
20772 3308
12375 904
1781 21663
10452 2484
16156 16157
481 22687
7189 1587 15586
2672 25789
8918 8919
16814 16815
6294 686
11527 11528 11529
1723 22380 26021
26022 26023
3112 14261
13357 372
15664 22032
16970 22033
21711 3528
1668 99 8781
20603 20604
20605 20606
6718 9481
9482 9483
572 573
908 15897
3622 3623
3624 3625
3626 2484
8689 10268
12598 532
3854 3855
1039 6278
11951 11948
7615 26308 6384
26309 2029
10628 4620
1039 7329
17796 4815
6794 6795 6796 4930 6797
702 24027
9669 12376 10628
10674 10675
17319 17320
17321 17322
5310 11296
1668 17323
14287 2982 14288
24688 18258
24689 5476
3101 3687
12688 16517
16518 16519
4660 4661
4315 7629
16436 16437
14923 1264 20563
17062 3140 1490 738 2491
14286 1315 24851
13223 13224
12228 12229
9982 28404
12715 12716
10003 12717
2995 12718
12719 8996
16728 16729
16730 16731
1005 16732
5087 1322
1722 5088
4042 5089
3253 1264
15147 10089
7668 21997
8739 15148
3557 3448 3449 17532
18188 18189
18190 18191
822 18741
1790 2713
3996 18742
1289 6953 9239
3100 1587 1747
7668 12982
703 6645
7033 7109
3518 2890
1480 1481
2997 2998
14705 6645
6489 20322
23199 4542
20569 99 17742
1338 23200
822 1204 23201
23202 23203
1587 482 9657
26743 1440
26744 26745
1584 67 25828
16375 4542
1235 14889
1890 9830 629
6092 23625 4761
3919 11597 2891
25887 1587 1975
3686 2306 5004
25916 7541 25917
20912 24704 904 3140
3470 4077
702 702
19775 1481
19776 623
19428 1747
27170 2411
10921 16665
2672 16666
12042 440
1693 12043
15590 15591
9642 15592
15593 15594
577 8193 15595
6756 24081 24082
6484 1563 7199
7235 7236
25361 11318
12475 12476
6533 67 2088
16285 16286
699 2774
4883 27789
5296 15378
2372 7594
4878 5127
1235 22314
18019 98 18510
7885 625
9228 8982 9229
4777 9230
9231 9232
9233 871 9234
22844 22845
8700 8701
8702 8703
1003 8704
2734 25757
3084 2306
4915 5155
310 6079
5713 14892
13551 482 8658
13552 13553
1397 871 13554
5299 13555
2112 25672
12323 25673
25674 25675 6975 25676
25677 25678
17074 25679
1111 22089
8089 22090
1150 3082
701 372
13962 871 13963
5713 1242 13964
11975 11976
4235 4236
1397 1161 6188
7265 7266
15965 3381
15966 11296
12862 15967
4169 10874
3980 13418
9460 13419
5685 5686 3982 13 11404
4284 4285 3982 13 11404
5687 5688 11404 3773 13 5267
4562 4563 3982 13 11404
15933 15934
15935 15936
9440 99 15937
1890 19512
223 1161 18555
21953 625
5158 15989
15990 15991
4171 18242
8240 1518
16156 10547
15223 15224
2714 26621 26622
10356 20905
4878 14140
1111 14141
14058 14142
17778 8705 5003
2295 3348 3983 3773 13 5267
1005 1006 7844
1003 242
12405 12406
12407 12408
14130 73 10724
1584 1211 23282
15247 311 23283
2338 99 20875
19888 16096
19889 1264
1812 19621
7943 623
2950 1890
5936 482 904
7945 2484
10287 10288
1397 17700
10817 1150 10051
10814 629
14236 17696
17699 14189
2374 3 20731
908 2502
2338 223
24210 24211
904 24212
12497 2573
22638 11765
19937 19938
6834 19939
906 870 19940
5780 1587 1692
1790 23724
23725 1338 2396
19719 11318
12533 625
12534 1328
7793 623
1318 4912
3856 14633
1321 1562
14634 2716 14635
28596 1692 3982 13 11075 51 5714
12515 12516 21890 48 2352 28597
1928 1929 3982 13 11075 51 5714
12497 19282
12814 12815
7544 7545
3031 12816
12817 1667
17416 4912
17417 1440
8114 6863
5583 1242 24522
703 6267
2292 482 13079
13181 13182
21064 629
10814 623
21065 1328
1890 1747
13691 16163
12475 20355
20629 2503 20630
20631 20632
18440 13708
19293 19294
10011 19295
23285 1328
23286 4815
23287 7187
23288 372
4740 6092
22342 22343
9644 1692
9645 4725
19917 19918
14087 14088
21336 21337 21337
7768 6835 7769
26874 9960 14064
11913 577 2371
20081 20082
5826 13963
11569 871 20083
5915 70 20084
6125 28523
20068 20069
24005 28524
1111 26188
9213 1890
9216 1319
906 98 5906
482 871 5689
13179 13180
4136 6795
14012 623
1668 28310
17916 17917 17918
6096 2891
6098 1242 482 99 6099
22829 19701
1887 625
1888 1889
19058 3140
1111 9911
23961 15613
8689 67 5055
11678 23962
22534 7187
13832 3 22535
1668 67 6262
5462 22536
1668 16316
13867 12322
1005 21436
7668 98 18965
8291 7202 8291
1150 1328
9667 8292
4544 16290
15324 4153
7458 15325
15326 8743
223 15327
5713 25249
25250 3449
25251 25252
4292 25253
223 12250
1668 22816
22817 22818
10975 22819
69 570 22820
13237 1204 9120
5713 99 22821
2503 15715
6681 15716
15717 15718
15719 15720
15721 1565
15722 5476
15723 1747
15724 904
6441 13200
906 24787
13201 3 13202
1005 17173
75 20487
1668 19283
19284 19285
19286 19287
21669 625
1039 1161 8192
3959 12815
12253 12255
69 98 2429 18589
16833 16834
819 16835
14433 623
2085 67 3082
5761 5762
4780 7953
26711 26712
23630 2412
23631 629
1149 623
10333 23632 8292
623 3919 9191
5713 3579
6635 1267
5697 5698
9077 625
5697 1567
9078 20177
2712 7199
3976 26889
4171 67 8019
8020 98 8021
26496 27880
6762 27881
6296 27882
2306 2589
5936 576
3346 702 1150
2292 5650
18565 2484
4798 4799
6612 6613
6947 1561
2372 20810
15785 15786
12042 1211 23093 23094
1790 23095
7615 21531 3982 13 13051
15785 15786 8051 3773 13 3169
3996 7075 3982 13 13051
12231 3082
1395 1396
699 699 1242 2484
6212 12351
3996 416
11489 755
3799 12352
8786 12353
819 12354
12355 577 12356
5891 12357
22340 2950
2481 2482
2480 623
1041 5590
5591 99 5592 5593 5594
5595 5596
5591 99 5592 5593 5597
8369 8370
13425 13426
755 20004
2142 13414
12430 12431
5936 3 8166
5387 1242 6713
66 1161 8167
2338 98 22678
16052 13600 20946
5826 20947
10738 9574
27438 26877
16756 7328
15088 623
3799 28823
5824 6092
904 111 1440
10878 7291
24213 24214 24215
15042 6079 6080
4544 18719
308 698
16647 10908
6789 19595
576 19596
5077 12548
2714 97 18299
19597 6834 6316
11904 19598
3308 12375
3601 70 12376
10923 70 12377
3743 23965
12228 23966
25515 25516
25517 6403
308 21258 2484
7591 21259
1668 21260
9078 21261
6129 27014 11314
6953 27015
11315 11316
75 14525
3799 14869
978 14870
14871 14872
14705 14873
1561 14874
14875 6438
6681 7541 20695
5893 26424
22766 6028
25113 5358
6681 12228
9721 15619
8634 625
3539 21271 18793 2737 21272
5981 12954 18793 2737 21272
3739 1564
3740 3741 3742
3743 3744 3745 3746
3622 13770
3105 6079
2589 623
2954 2955
1567 2484
10986 24029
12766 98 12768
978 12681 24458
20909 2716 25169
5296 5464
7953 21303
24576 4815
7360 223 21624
14147 14148
1318 5405
310 99 26810
819 8937
24978 24979
6296 3 1242 24980
16217 24981
576 24982
1668 3 4961
1003 24983
24984 627
21403 625
19737 2484
7862 3082
15416 23106 13176
27640 13830 13176
3541 3542 6622
3543 3544 6622
1638 1639 6622
27811 27812
4455 27813
1668 27814
14887 12425
12183 2891
3799 23020
5891 23021
6342 2982 23022
1326 16688
8792 2306
8118 15606
15607 15608 4379
25277 25278
14193 25279
3579 1587 26017
27442 625
13472 13473
9206 10553
15350 22118
2570 822 6982
8418 20775
12464 12465
20776 20777
1091 409
8717 12466
12467 12468
3084 9832
14593 8777
11678 1338 23128
23129 23130
3799 23131
310 2982 2712
23132 482 23133
2372 623
28662 28663
5228 2891
3577 25144
18463 1150 5004
19965 19966
7249 19967
28063 11403
16948 4053
28064 8409
66 15035
3577 98 5468
3527 3528
1693 3530
1003 5512
5515 5516
19258 25512 2429 19259
7828 26655 26656
7038 99 99 4170
2461 2955
19148 19149
1748 6911 21834
5981 1003 10568
3543 4019 14259
1668 17496
2699 2484
27432 27433
7057 698
4959 23123
23124 23125
11818 11819
4454 3140 629
7057 1264
6196 700 1561
3557 26998 3982 13 13557
3799 10484 3982 13 13557
2484 7501
7502 4799
22901 16873 22902
19593 19594
4169 6438
1483 1328
2140 13710
9991 9385
3557 13711
23318 9158
3112 26339
8118 26340
15574 22108
16663 756
3112 22109
3543 67 12526
1668 14491
18299 906 20257
16052 13600
3163 1587 3164
7622 9087
908 3448 3917
9364 9365
5736 9158
5008 1563
23193 3517
1633 11781
3031 16058
2110 16059
7796 16060
13168 1328
10331 10332 10333 3919
12915 26029 6057 26030
1397 98 18194
3823 24252
5615 5616
5176 1267
22456 623
14147 11962
5462 99 5420
1200 14510
6296 17586
5299 10165 11833
11834 11835
26787 26788
4523 13203 13204
6025 6026
24373 7944
24374 904
4292 7136
6982 7137
24176 2716 24177
24178 19012
2479 6092
25929 5003
25930 3346
1812 871 25931
7731 1567
7225 20985
15906 20986
20102 20103
4216 6474
10011 4723
2407 13986
2372 7541 698
17876 1319
28323 904
11986 15790 15791
15792 7249 15793
10790 15794 10791
15043 13664
15044 15045
15528 15529
6129 21852
1638 22130
9310 9311 9312
8388 2891
23935 3517
23936 3517
1150 1562
23937 13415
2714 9879
27105 27106
6911 27107
24053 24054
24055 70 24056
310 17464
2676 24057
24542 623
4878 24543
2482 1564
23477 27063
755 99 7327
699 2484
9991 4542
8081 2429 19590
3541 19591
6525 11621
576 10302
10303 10304
10305 10306
2589 3140
10147 6092
2714 1211 11318
310 1211 6248
3021 6381
4523 6382 6383
2171 6384
6385 698
1668 6386 6387
6388 6389
1397 5405
5125 5126
3688 3687
3676 4912
10119 25728
5595 577 6439
3475 3622 2955
10274 3961
26156 625
26157 3961
1668 1211 12172
1321 1264
12263 11403
12304 698
6407 2484
23770 623
18207 18208
3557 18211
20732 20733
8609 20734
5695 5696
5699 3904
25145 25146
11913 25147
5334 98 25148
1668 67 2573
3676 625
5419 5420
2338 5421
5713 5715
9449 18246
18247 18248
310 12612
19384 19385
2107 67 19582
3543 70 19583
2714 3 28647
5945 4466 19039
1149 5698
12840 448
66 1211 6012
20228 20229
24634 482 24635
19747 19748
19749 19750
11259 11260 11261
11262 11263
11264 11265
569 11266
569 11267
5462 11268
3799 11269
17529 1791
13645 13646 13647
13648 13649
7142 905
9486 1692
17508 17509
7225 17510
15825 1440
3823 3824
7019 625 3948
18203
18204
4523 1235 14131
15466 8344
8344 26526
20253 12375
3308 6092
25085 2484
2950 2484
1150 3517
23899 1264
3140 2484
4883 5139
25355 7541 12671
3349 5599
9391 10307
10574 10575
7785 482 7787
1289 16195
1003 67 16196
250 8261
8120 15483
4879 15484
622 623
626 627
2887 1264
25881 6615
2338 5736
5003 5736
8802 19585
20650 20651
1039 20652
308 98 375
7249 7250
7255 7256
6365 6366
11136 1328
12175 623
6056 23644
23645 3308
28503 28504
4523 7590
7591 7592
10965 22227
23857 23858
11678 23859
23860 23861
18292 18293
26389 97 26390
11521 4173
3220 7394
22881 20436
5926 15448
7711 7712
5497 18614
5158 27848
4878 27849
6294 27850
14043 14044
3799 97 14045
5914 1561
1788 5698
9597 1747
702 1563
6794 19351
3676 13415
4415 4170
2 4416
6125 6126
1003 1161 14197
11143 11144 11145
11146 11147 99 11148
1239 22121
755 22122
819 22123
2292 23451
1005 23258
9980 23259
4929 1150 3140
13971 2429 3140
10965 3 13892
24340 24341
12775 24342
16041 5594
20766 20767
310 20768
13191 24417
15495 11227
10646 11296
908 15496
15497 70 15498
10754 10755
11513 11514
1668 2540
8020 15645
2407 7494
6212 6213
1668 6214
1668 870 10480
7388 6743 21960 21961
1484 10288
21962 21963
15891 629
16096 3140
23037 3162
1338 1338 23038
1289 19867
18790 18791 18792
9090 9091 18793 2737 18794
28799 28800
698 629
23341 5736
19528 23342
15459 15460
2374 871 19004
22734 1264
22735 11035
8312 2484
1890 1927 1264
5736 904 1975
10237 7202 2891
21600 21601
4380 21602
15958 21603
143 7354
576 1039
1668 17754
2338 6835 17755
11930 8653
11931 11932
1200 20698
12865 19441 285 9364 3982
7329 19442 285 9364 3982
3349 25818
11324 18224
17464 17465
13315 17466 17467 17468
3053 17469 17470
2239 2240
17846 17847
17848 17849
28027 28028
28029 28030
4292 28031
28032 28033
28034 28035
5648 28036
16249 1562
20452 1923
20453 20454
1267 1338 8294
10415 2891
308 17157
3688 6756 22471
3976 3977 3978
1005 22688
4777 1338 7694
23477 12802
3102 24691
3688 4324 3982 13 4325
4326 4327 3982 13 4325
26104 26105
3557 24769 11318
2995 2996
28749 28750
12455 2503 28751
755 98 2994
1149 4912
25338 7912
25339 623
819 24624
908 8292
373 311 24625
1854 1855
1856 1857
15542 15543
22620 22621
1790 18957
1111 25709
6344 6160
3122 25710
755 25711
9721 12943
8057 2484
24308 3082
11784 629
9959 23068 23069
7828 23070 7829
7772 12842
8288 1328
1003 7774
8150 8151
21287 11639
2338 73 2339
9657 22380 1318
1111 3579
14577 623
3022 21532
819 1242 8577
8114 1328
3083 3084
7329 97 15613
9637 2716 16913
5981 10568
1321 629
12211 98 12212
12213 1567
1723 10955 12214
12215 1481
8120 8121
3809 13226
310 13494
9206 9207
904 1440
4544 13158
8661 3904 3982 13 21092
21093
12655 5983
4169 10595
2372 12654
12652 12653 3982 13 21092 21093
7031 4272
7198 7199
21510 698
701 67 21511
819 25900
576 6957
9317 9318
8224 2429 8225
8605 67 9319
19439 3687
19440 2589
25424 25425
2145 2146
28348 14138
10970 10971
24864 24865
18059 24866
12455 12456
24867 24868
14495 3 11585
11678 1204 24915
12475 21957
21958 21959
69 12482
8301 21337 23277
23278 23279
20903 3140
310 311 312
11986 7249 25720
15709 1321
26851 26852
3747 3476
26853 577 26854
4878 2716 20842
20843 20844
4292 20845
8429 20846
13450 22005
5713 577 6713
3100 4271
27964 16267 629
6441 6975 10420
10421 10422
7711 3105 7712
24107 11318
23989 22142
23990 625
3799 23991
308 23992
18453 12375
5915 23993
819 23994
24200 8781
16997 14355
16998 698
2171 1587 17863
1111 15311
6226 6227
6228 6229
6230 6231
3518 3518
11757 3687
8787 311 15989
7268 3885 28175
21719 28176
28177 28178
4400 28179
20313 20314
6129 20273
3112 20274
7189 13342
13343 13344
19305 3579
16305 2716 16306
28774 28775 28776
10921 28777
10322 28778
7998 26722
1584 26723
1668 6953
310 15949 26724
3470 14392 18748
1003 18749
16473 18750
10237 1150 3140
14495 11585 3982 13 18323
8583 623 8912
572 573 18854 166 1600 3500
17669 8792
17670 17671
755 17672
4956 4957 4958 3982
4959 4960 4958 3982
481 11606 26913
819 97 14135
20054 3 20055
6129 20056
4907 99 4908
1790 13802
20655 12074
14887 20656
20657 17287
5915 20658
12881 9051
1668 12882
9072 12883
3688 3084
17205 625
12375 10681
5363 5364
5365 1727 5366
69 2429 18589
569 570 20741
24920 24920
904 702
9747 24825 8653
23925 23926
5311 22144
22145 22146
15812 15813
753 3 15814
28435 10972
310 3 12763
19528 26393
2142 24971
4647 7168
24972 24973
3470 24828
25419 25420
13724 25421
1111 8292
2295 23621
6909 6910
6911 6912
17009 17010
13867 12376
10546 26749
4379 26750 12671
26751 26752
26753 26754
223 26755
4963 12092
25753 5452
576 25754
1397 10786
2605 24943
4380 67 4382
24889 22142
12375 698
18377 4854
25588 2484
19517 19518
1584 16872
13191 67 13192
576 3033
2110 17269
10473 23880
6344 23881
9078 18926
7040 23882
12448 23883
6129 15248
12988 12989
14957 1264 5711
6865 1890 5255 3982 13 6774
7193 11326
4169 21481
21482 21483
14912 2950
14913 625
14914 14915
4169 6851
5387 21903
21904 21905
3557 21906
2338 21907
1790 21908
310 21909
819 2777
21910 21911
14357 9961 22221 22222
22223 2429 7032 1338 2727 22222
20599 20600
28563 28564
69 28565
1668 11284
28672 28673
28674 28675
27774 27775
8999 18311
3447 3448 3449 3450
4380 24558
819 24559
4883 24560
1580 1581
26069 26070
26071 26072
3470 4965
1397 755
7458 3904
2605 4272 4930 4931
12446 1561
13072 17456
1788 2950
3349 16001
15086 15087 3688
8343 25864
25865 5936 7669
25189 15608
5176 10923
12260 629
12261 3082
12262 2412
1326 1483 1484
13324 13879
17579 17580
19056 4572
5727 5728
2375 3946
20786 20787
10691 14230
5904 2484
3100 20904
145 146
143 144
9957 23247
4604 7020
9128 9129
14732 14733
5916 10089
9120 20073 21702
10155 5824 3 10156
6342 26355
5158 4777 26356
8089 12038 7789
1668 8759 5137
1633 10844 7788 3982
7362 22538 22539
9124 9125 22539
10356 10357
6743 10148
8794 629
8312 5736 5452
625 1318
28068 28069
5379 1747
9677 3448 3449 13195
6808 6809
1781 6810
6811 6812
5564 5565
7074 625
1790 3 7075
572 629
16062 1322
16063 623
16064 3084
701 16065 16066
25615 2484
28737 1484
2734 2735
978 2736
2737 2738
1584 3995
3998 1211 1727
1289 19565
19566 19567
16460 13938
569 577 2371
25386 99 25387
3100 623
7862 1264
2286 5617
10117 10118
20310 25334
13403 26241
13552 26242
5981 26243
20494 3 11262
5299 16974
819 12658
12659 12660
12661 12662
66 5889
1200 5540
5541 5542
5543 5544
16860 1890
22540 23107
15443 26971
22912 8481 26972
2714 3449
13300 18752
8734 18753
904 623
12712 1791
3021 14699
10795 10796
10797 10798
10799 10800
10801 10802
8409 623 27352 3982
9372 9373 7251 13 11105 27353 10 15849 8942
7227 21606
5550 577 5551
19158 3367
19783 904
21955 1440
6681 6434
25561 11817
3021 6794
3470 28696
2292 98 28697
9130 28698
9677 16298
27634 3904
22932 623
17916 98 17918
25527 25528
2997 871 20981
12737 14014
2676 14015
1397 14016
2429 1484 14445
27072 99 27073
2 22143 25103 27034
27035 27036
10954 3308 1562
5228 623
1364 372
13232 2891
19482 19483
2372 67 5004
4123 15543
373 12376
9575 20543
576 12235
6400 99 11403 6401
755 1668 12395
12396 10546 12397
7996 22369
6909 24513
9601 24514
7280 24515
19055 19056 19057
5515 11818 27879
11362 11363
8303 11364
21269 21270
11178 2891
11179 1747
308 28402
26301 1338 26302
820 1781
21208 2484
16511 16512 27603
66 9635 9636 24917 18793 2737 18794
9637 20619 24916 18792 18793 2737 18794
24917
12956 5542
4679 6346
6347 3 6346
2372 11693
4292 28231
28232 28233
16938 16939 5279 5280 3982
3102 3103 5279 5280 3982
3962 623
906 1266
28812 1328
25124 9658
22381 25125 12074
14086 7897
1091 6733
21372 21373
4315 14005
11758 27708
25356 1328
2110 26495
3034 3035
26496 11083
10849 10850
22931 1562
28239 310
16971 16972
5981 27038
27007 628
7033 23183
21984 1319
10523 3476
17350 3140
21985 2306
2955 11035
7828 23701 23702
10168 23703 23704
10434 17585
4915 18055
6321 18056
18216 3 20870
26537 3799
8569 8570
3799 10484
8196 12452
6212 12457
1584 12458
11324 11743
11744 3904
10831 8342 13972
3349 698
4915 20797
10790 26169
13691 8021
703 26170
25117 24161
1790 24131
4815 3687
98 1211 4153
6294 15993
21165 625
1211 570 15188
1111 3920
10817 311 10051
4292 26863
13379 10307
21254 21255
19999 698
13621 13622
13623 13624
5945 4466 13625
6489 12107
18674 18675
3601 24692
22458 1319
3112 18636
12862 12863
9124 9125
3799 12987
707 23852
5714 17427
13360 2891
13997 3 13998
66 18484
11417 11418
26136 26137
24507 24508
21078 21079
3537 27181
572 67 16001
819 1338 3351
3349 482 3350
1668 1161 18931
1856 3 3352
11414 17181
14663 1338 14664
6294 24939 5137
12821 12822 5137
6212 6472
13474 98 13475
3 24509
2714 28490
10466 16631
2292 20929
3659 18093 18094
906 18095
576 7962 19332 3982
11818 11819 19332 3982
819 6923 19332 3982
4171 19333 8912 3982
3688 5145
19861 623
23592 3676
1748 9318
11394 629
5365 16517
7493 7494
2140 17704
27322 18230
27323 27324
755 10902
20352 27325 27326
26636 2955
14300 7236
5736 3140 1264
11195 11196
532 533
28554 28555
18396 18397
18398 18399
22497 23439
27186 11819
2605 15304
21417 19458
6863 3687
9809 1587 9120
6385 2484
3122 482 25653
3858 5866
8689 4524 1667
1200 5715
18059 18060
17697 17698
24393 2484
18902 4042
17944 98 17945
12864 22691
1397 8833
7591 8834
3602 8835
8836 8837
5462 23044
821 7605
11313 375
6129 11314
904 10452 372
25031 698
14740 698
3961 28050 2484
3557 3 28051
18570 18571 8051 3773 13 3169
18572 13119 9126 1315 4933
18573
5101
9735 9736 8051 3773 13 3169
10574 2503 12455 15849 8942 3773 13 570
15479 871 23157
7033 23080
1633 15501
6129 15502
16718 16719
2995 1204 16720
1111 16721
16722 3997
12706 12707
28397 2484
17258 1321
17259 2484
16467 482 8653
16468 4542
16469 16470
28710 6092
7668 26798
28711 28712
6294 871 28713
9432 98 9433
9435 9436
15906 5496
15907 629
24572 24573
19158 1747
4878 24574
3543 8658
3349 15006
12342 18409
3139 3140
3143 3144
8734 18311
2288 6904
3238 18312
10921 17029
7019 7541 3948
1289 13149
3539 3 13150
2932 19499
7411 19500
819 19501
24946 5514
20766 20699
17787 27379
22055 22056
5600 11985
11295 11296
11988 11989
26184 26185
2995 26186
1517 625
141 1518
23577 23578
27188 623
27189 2953
1318 6615
9575 27190
5286 4272
22803 22804
14527 17830
22354 5145
75 22355
978 22356
5379 2955
14241 14242
16839 12074
28444 2484
5528 21506
25585 25586
7501 1264
1150 7235
20126 20127
5936 19864
11951 19865 16470
11986 13585
13586 7313
3024 17882
4292 17800 17883
16103 13597
13111 1692
13112 13113
25049 3518
10628 4606
13364 25050
4929 623
576 26598
4523 17461 25382
14661 25383
4883 20956
22350 25384
4915 1747
8700 16084
26985 26986
3976 3977 3978 3979
3980 3981 3982 13 3983 51 3984 3985
7668 25925
6342 904
5543 14310
14522 14523 14524
1005 14525
576 14526
14527 14528
1668 4400
576 21706
2338 9123
26419 11403
26420 1319
26421 4912
6863 4854
5800 1481
5801 3140
2292 3579
5802 5803
9809 9810
9811 9812
9980 17082
6129 17083
3959 3579
18605 4694 5496
2591 1481
906 70 19842
75 24779
6489 3529
1668 11301
11302 3448 11303
2676 25495
10106 1587 482 10107
10108 10109
5826 5827
21266 21267
576 21268
17305 16516
21571 21572
11958 1587 5762
4169 5773
2372 8268 5279 5280 3982
4171 11225 6594
4399 15903
702 3082
16730 27146
20694 1266
16745 1562
16746 2484
13179 97 16747
20036 20037
8896 3579
12269 12270
8689 26914
4883 26915
16971 26916
15475 3 15476
755 26641
18738 7520
15244 18739
3676 629
3823 22306
15401 2950
8609 70 8557
19806 19807
12039 12040 3982 13 11075 51 5714
1003 7715 3982 13 11075 51 5714
11652 1338 11653
11654 67 11655
373 11656
5462 11657
819 11658
9642 16779
2396 26435 26436
26437 4879
11724 1338 11517
5009 22781
9072 11806
26771 26772
1483 1563 7724 151 3982
6342 10899
14518 14519
1110 11819
14520 14521
6614 6615
12681 26289
6296 14509
4523 12348
23508 8994
3100 1747
9205 20647 698
3349 9689
576 21394 21395 21264
13318 13319 21395 21264
9233 17540
4053 1264
20462 6366
20463 1727
19422 3516
7142 700
6093 8777
7539 7540
1584 7541 4292
7542 3 7543
1668 8602
23330 23458
22515 22516
6929 28072
28073 28074
2605 7897
2714 26587
26258 2484
14790 9526
1200 26259
23434 23435
4152 4153
2764 27389
1111 27390
448 25044
66 25045
4878 7313
7314 7315
7316 7317
12688 6474
5548 15632
23886 23887
11584 3212
4120 23888
10368 10369
3100 10370
2374 5906 19464
2338 4815
622 67 905
1149 698
1003 67 17623
3747 2891
1319 1328
9980 28311
1005 28312
28313 26266
978 28314
5981 4883 3351
6098 2429 7200 7201
22079 22080
13757 22016
1198 22081
223 18335
1856 18336
21096 21097
8743 21098
4099 14235
16454 67 16455
4136 1242 9458
3577 9459
9460 1242 9461
2286 9462
815 7897
1584 11397
9078 18534
17290 17291
1003 9358
9359 311 9360
1668 311 9361
702 6863
20204 5688
19203 904
16474 16475
11799 10496 6425 629
17618 629
17619 17620
3017 17621
2338 17622
24733 24734
1397 4058
2699 23223
12655 23225
23235 17376
23219 97 23220
4604 98 23218
8651 2306
12712 1321
12713 623
15371 2846
1364 625
1150 625
3475 15756
5105 18256
3084 18257
819 16234
1692 27044
4136 27045
2338 27046
819 19046
3688 623 12178 3982
10442 4153 3769 1315 27979
576 1161 8994
25095 570 25096
819 25097
25098 25099
25100 25101
25102 2371
4879 25103
67 2995 12435
4292 25104
9962 25105
5713 21646
24828 6059
14438 9243 12702 3982
819 820 4930 4931
15557 15558
1003 8249
3761 1587 312
3343 3344
12323 17437
11904 28664
1111 22163
1668 97 98 9825
25852 16922
2710 27120
27121 7455
27122 27123
18858 18859
11091 10681
7772 2057 7773
6637 7775
14931 577 17309
2484 1561
7033 2116
6209 703
26639 3579
5180 5181
12983 12984
3539 5297
3349 5297
10650 10651
3676 2484
12238 2484
2949 5145
66 17828
17833 17834
6129 17835
4878 20189
13171 16197 18867
1397 98 7075
1781 6703
7227 10858
10860 10861
4878 2088 12919
12920 12921
310 3 12922
3823 5616
1638 13433
3349 13432
21874 26869
26870 26871
3980 11054
2 26872 13126
6603 6604
16363 16364
2407 12185
12186 12187
9889 7235 5004
21988 21989
14020 14021
14022 14023
10921 14024
8057 372
13832 5004
23931 449
11592 11593
9667 11594
12859 12860
1397 2088
1318 1150
8844 7397
8120 23545
7731 1484
15125 3084
15126 3687
1397 23803
3100 23804
1668 23805
11988 67 11989
3602 25151
8691 8692
8303 5299 20499 20500
13829 13830 9120
1003 13831
9957 9958 3982 13 10176
3577 5468 3982 13 10176
17115 623
17116 11597
75 10311
18738 27258
27259 27260
14003 14004
4524 14006
2374 12890
9642 8058
10868 10869
8338 26677
14149 312
5077 98 14150
1149 1481
26586 904
12513 12514
1584 23766
1200 577 11823
15379 26514
819 7980
576 1813
6046 20748
4576 4577
2714 15926
5077 12176
2085 904
4523 15321 15322
4604 15024
12396 12397
14622 23673
6294 21800
1150 1440
15669 21801
6209 17776
23931 25055
22703 22704 22705
22706 6386
7142 5697
8700 7897
18482 18483
7360 18484
1111 18136 17602
18137 18138
13573 13574
19830 19831 25158 3982 13 25159
223 6097 22539
20450 1481
871 27151
2764 27152
20416 27153
18350 8109
21266 27154
11652 27155
819 6756
4523 4315 27156
2605 27157
20745 4340
4544 11318
22879 21811
1668 12971 3982 13 11075 51 5714
23716 23717 23718
23510 23511
23512 23513
1668 623
815 22505
1239 22506
26928 1766
15870 15871
15874 4153 482 15875
21102 21103
1668 23249
12483 449
11818 2841
10738 25685
819 10553
5713 25686
25392 2484
2591 625
2995 98 28061
2 28062
7388 25350
6743 8481 25217
9050 1747
6863 3961
21953 2950
10815 3 10816
5713 7066
819 27935
7648 27936
14745 15656
15657 15658
14976 14977
14978 14979
14980 14981
8429 1781
2765 8993 3982 13 11075
5714
1003 22946
4879 97 22947
4442 13752
5006 22948
18120 22210
1563 9191 8653
8795 22064 3579
18374 1692
18375 1692
4496 1727
6157 6158
1289 6159
3539 6160
7885 5145
6196 8777
15971 15972
14802 1264
14803 700
1267 3579
20813 20814
13894 20815
2714 9728
5077 311 5608
576 22807
22135 1747
20289 20290
3577 17774
17137 6079
8206 625
24364 24365
16249 16250
11682 6347
5528 5529
703 576
22319 22320
1693 1694
12030 1587 1264
12031 1338 98 12032
12033 577 625
3747 1322
1235 2063
26728 4153 26729
26730 6316
12864 12865
11253 1562
6484 6483
697 698
705 706
5906 1723 2484
4053 8114
18690 18691
18363 18692 4340
1318 9080 2891
2412 3747 3140
10832 629
14672 1890
14673 1440
22996 22997
11489 18338
66 18339
18340 18341
98 15930 4153
2503 15993
1668 10483
819 10012
1668 98 10483
5981 23920
6046 23921
15197 14196
13830 15198 6079
16156 16282
18727 2891
10975 22434
14691 22435
15794 22436
22437 22438
5930 13510
11527 11529
3919 4725 904
10434 15303
11489 15305
570 482 6367
19715 7199
3747 6092
17222 17223
17224 16001
22632 22633
5945 4466 22634
7668 17135
1397 12494
5891 17136
17137 5594
1668 14054
12712 1440
1150 10681
20860 4153
20861 1150
6491 5983
2932 27655
3799 27656
3470 25020
10610 99 14120
27657 3 27658
27659 3 27660
3918 3919 3920
2338 2176
27982 27983
13166 13167
1003 28309
5968 623
4878 26486
1005 11323
7362 26487
5630 114 4170
5633 3 5634
5635 1440
10059 625
10060 10061
1633 10063
27553 372
7235 5145
5788 5697
2 7430 26118
20062 20063
11474 21077
25912 25913
23083 23084
8700 11384
3100 8792
1584 21958 12544
3518 3747
2890 1264
4856 9078 4857
14958 698
6919 11318
2228 17705
2295 4361
5497 1161 14818
3287 1328
24822 15756
15019 2544
10977 10978
7668 3996 3105
2290 23871
13865 13316
12655 97 13866
8942 8943
8945 8946
13757 13758
6756 3688 10831
3122 6736
19427 1266
7142 372
9830 3517
25957 1264
703 311 628
904 628
8795 2484 20562 15709 1998 3982
2338 7912 3982 13 3169 22 5267 5003 3516
3476 3308 1481 20563
11940 11941
1788 3082
12712 5698
576 20984
9766 19648
5714 97 25458
1668 1242 25459
15526 15527
15270 1161 4878
5299 871 97 15271
1668 1161 12376
3688 4285
21334 21335
3961 7835
23567 9997 1692
1003 7541 14391
8643 14238
2338 6896
308 25619
22392 25620
3470 4603
24502 24503
9575 21534
16549 16550
14189 16551
13573 577 13574
8120 577 13575
1668 97 9825
13450 482 13576
16228 16229
3996 16230
5600 16231
16232 16233
5891 16234
13300 16235
1397 16236
2605 16237
2714 16238
3656 16239
16240 1398
4604 12912
18155 1112
8786 21221
13691 21222
1263 625
6013 625
17124 17125
17126 17127
904 2891
4878 15760
13614 15761
20521 4173
9781 7199
23799 23800
23801 23802
5350 5351
8312 1328
7591 18819
19564 11819
14661 1161 12383
12608 4799
24173 2950
622 5698
5003 309
21129 10237
22235 629
27088 1328
8999 21145
1111 755
17942 17943
2407 2408 2409
1692 2306 2410
2411 111
627 2412
2413 1322
2374 2375
8057 4799
25395 3904
8312 19458
28542 28543
21904 28329
8118 871 8799
8800 8801
8802 8803
10163 17968
7242 1481
13435 13436
13437 13438
2605 26299
3470 20830
308 26300
2338 577 11911
3269 25349
6637 25350 25351
5476 25352 10051
11988 25353
21825 623
914 27722
1005 15764
7329 6922
7525 15535
2088 819 8267
4883 24529
21809 7661
21810 21811
3122 21812
10240 21813
1005 21814
5296 21815
21816 2982 21817
21354 1149
25390 25391
25543 1747
25544 25545
27017 4854
12168 905
4740 5405
12169 2950
15352 9158
5210 23303 23653
2338 312
1003 1748
23654 23655
3996 7015
576 23656
9515 1768
4879 9516
14103 14104 14105
14106 14107 14108
14109 14110
3557 11884
19705 13224
13061 13062
28616 28617
16991 97 15592
22017 1211 1727
16970 14392
6294 12444
5713 629
373 5358
28341 28342
6975 28343 28344
12759 5762
1790 4416
12801 482 12802
448 449
2290 2712 4317
22139 22140
27366 27367
13832 27368
8733 8653
4379 24397
5158 24398
3743 11701
4623 24399 24400 24401
9181 11035
20310 20311
9780 20312
310 482 17299 6922
20049 20050
577 571
3236 18250
3557 9609
13639 73 10157
7235 1747
10106 10107
66 7525 10110
17737 2484
4878 11568
19379 4542
6263 6264
2338 6265
11136 5698
20829 2567
482 98 3112 7763
4292 5349
4494 482 4495
4216 4496
24783 3518
15204 698
12433 99 12434
3541 16975
4978 1570 4979
5286 97 15707
13645 482 13647
11958 13751
8124 10704
13118 13119
20113 9958
5228 1319
18452 2950
10497 15417 9120
26719 9120
26720 6083
7202 7203
99 1668 3275
16552 21942
17210 21943
18530 27675
26075 27676
27677 27678
22022 27679
1725 27840 3982 13 10176
24005 24006 3982 13 10176
15401 629
576 13988
7996 3 26351
18350 26352
19756 19757
19758 10311
1003 19759
19760 19761 19762
3163 3164
8707 8708
9912 2767
13237 23106 23107
22545 23108 23109
3557 23317
11302 13073
19177 1440
5936 482 576
22255 22256
22257 97 22258
3020 698
19307 3961
19308 1322
5834 3529
7249 25592
25327 3579
1668 25328
3623 2950
12624 12625
12626 7329
9206 12627
23442 1319
1111 6213
5228 2484
12388 625
15877 15591
6324 15878
18459 18460
18461 18462
4099 11046
1200 17183
5891 17184
8418 8419
23158 372
20702 23159
1790 23160
23161 23162 19321
1563 1481
21956 698
1003 19714
27832 27833
819 27834
26835 26836
26837 4572
20977 904
3254 623
6464 8907
11698 3579
16993 24802
24803 24804
9231 25153
3220 9728
819 70 25154
1111 24411 1520
3825 11288
75 1111
1338 17648
2714 13632
13398 13399
11904 13400
2338 97 4603
23127 24955
8312 1747
3686 904
6863 2412
12985 12986 12987
14556 14557
2110 570 27532
27533 27534
27535 27536
6321 22689
3469 1890
3470 1161 3471
3472 3473 1790
8643 7897
1812 18594
6506 3579
6507 6508
17543 623
25271 25272 25273
4171 11427 28483
1693 7772 4878
1668 28484 4543
7772 22912 8505 25103
481 11888 28485
26667 26668
26669 7327
23447 23448
4879 22624
7083 7084
1039 7085
2110 17975
17976 17977
904 3517
16228 17978
7797 17979
17980 17981
4442 17982
17983 17984
21321 21322
21323 2677
15572 2396 1747
9349 9350
1668 24772
18453 1264
819 26120
819 23849
6464 73 13730
2295 871 5432
5077 6841
6842 6843
19156 8777
19157 1440
19158 698
2338 24444
11948 19992 19993
19106 584
9068 698
24247 24248
3031 3032
14409 8653
14410 1149
14411 1692
1481 372
28165 870 904
28166 10089
755 11010
702 1264
17249 16271
2338 11605
7510 3946
2 26412
6296 26413
1668 20490
24108 25067
19724 4340
14803 1747
629 3308
755 21069
21070 21071
4879 8468
66 7390
6056 372
5633 5634 12178
10669 28298
28299 13181 28300
8999 15018
15019 15020
8343 18324
13957 13958
4544 577 13959
10608 10609
10610 311 1338 10611
12931 19458 3579
20803 20804
20805 3033
5981 20806
755 23505
9206 18185
18186 18187
8994 8995
8999 9000
3100 482 10554
27642 1562
3022 7813
12661 570 12662
16935 16936
1691 1692
10236 10237
5158 10238
1003 10239
10240 10241
6344 10242
23299 5476
23300 1747
23301 2484
25504 625
3308 3140
25505 3308
20960 9832
7249 67 7250
19361 19362
7254 5736
8122 23443
19977 23444
15145 16564
16565 16566
16567 16568
16569 1587 4327
8291 1563
8020 26052
26053 26054
9317 26055
4777 26056
22497 23439 3982 13 12900
13775 6922 16311
9677 6273 16311
9921 9922 3982 13 12900 26813
12391 4119
26686 11403
9157 9120
16215 16216
1812 16224
819 26687
310 24531
10851 10852
4056 482 18732
6743 6745
4136 1211 18733
5296 18316
1150 1481
11184 629
27289 98 14562
27290 7496
66 1161 17942
532 16326
9534 9535
27479 1440
1788 698
24870 24871
24872 24873
24874 24875
22962 27792
13929 13930
1003 17596
11678 11298
1003 3 5245
5246 97 1782
5247 73 5248
66 3 5249
5250 5251
24108 70 14055
11000 11001
6953 9459
310 16616
6982 6983
3475 623
10142 10143
28209
28210
1128 27081
819 97 18107
24496 5405
24497 625
24498 625
3112 16637
20481 1204 20482
1039 16638
14251 1264
1858 3403
15892 22522
11560 13626
22523 22524
22525 7520
11693 17694
3122 17695
5079 1319 7724 151 3982
15874 4542 7724 151 3982
14130 6196 4173
26623 26624
28789 28790
1235 28791
22350 24892
1235 12848
6294 12494
16575 16576
3031 67 1782
15935 28262 28263 3982 13 28264
28265 28266 28263 3982 13 28264
6762 6763
5460 1338 7876
978 25599
25600 25601
906 3579 6648
8118 11266
908 24674
2484 7235 1264
3100 6045
6048 6049
8259 8260
10546 2716 25987
28809 3623
2292 24372
69 70 11693
23445 1338 23446
572 16001
3341 2411 3342
820 23346
3349 3350
819 3351
1856 3352
1397 10560
10561 10562
3557 10595
23385 5004
23386 3448 3603 23387
21121 23388
14246 3946
5399 700
5401 625
5402 5403
5404 5405
21152 629
9070 23606
4560 4561
25775 629
569 20741
7388 1264
3100 7389
7391 4184
7392 4153
7393 7394
310 7395 7396
1111 7397
1397 14219
1668 13576
2714 4723
25427 3904
6527 6528
6529 6530
7235 4912
7202 2716 7203
23399 1204 21786
66 6919 6920
6921 5697
1668 577 4607
3017 23400
23401 23402
21045 21046 18793 21047 2429 21048
3031 9392 21049
16331 16332
11146 24777 11606
3688 11403
2485 1565
1666 25647
9962 8268
4465 18107
20262 20263
1111 4929 4930 4931
1235 1236 3982 13 5149
1237 1238 3982 13 5149
5150 5151 5152 3513 5153
1239 1240 3982 13 5149
22919 22920
7033 22921
6344 22922
7668 7669
2112 24714
5296 24715
24716 24717
8409 4912
3288 754
12537 20514
7099 570 67 7100
3884 9747 1692
819 21641
373 16446
373 13776
5824 3747 2950
13777 13778
2461 1319 19046
1561 6056 629
3470 10725
2372 26325
3799 26326
10608 23907
2140 23908
1998 5916
17659 698
23909 23910
22350 17721 3982 13 10176
16603 24070 12074
24071 8653
819 7266
16403 15947
1567 623
26844 26845
310 26846
26847 26848
1318 372
28653 3961
8583 12175
310 755 11069
4915 1890
753 3 4292
10117 871 23897
20906 20907
4005 20908
12652 12653
12655 97 5983
2 1161 4416
97 2774 13594 18792
3809 2484
24152 10148
9665 13963
10674 577 7327
25810 625
17244 99 25811
25812 25813
3959 3961
21479 1266
13470 13471 3 1211
13474 13475
13476 9864
6365 99 13477
13478 1766
8700 12389
16217 16218
2171 16219
16220 16221
16222 16223
5981 3448 16225
27710 12375
27711 698
22350 4170
16473 949
27806 1791 6059
20352 311 27807
9642 8582
1320 1321 1322
821 27773
10240 26266
6977 2306
3140 11403
5296 2429 21431
143 21432
27633 11035
906 1366
18921 18922
819 18923
8290 16517
22158 1747
1397 15180
25980 1923
18119 25981
25982 3579
14007 16348
2338 4603
1003 14424
21717 21718
21719 21720
6129 21721
9070 13125 9960 21722
26831 26832
25508 25509
5926 2429 26463
14931 26280
8217 8218
14250 5697
14252 4799
14253 5594
28430 28431
16472 2306
12375 623
20138 6267
2503 15474
27539 4173
3539 99 9080 5617
1397 70 5937
13093 26372
11569 482 9958
20030 27975 23087
69 2372 4400
24793 3082
24794 623
16141 16142
99 2982 16143
10297 26867
8057 10954 1264
25480 25481
4056 577 25482
2286 25483
2 25484
19073 25481
4136 1211 9459
9780 3579
24524 623
14012 2950
3688 2589
2712 871 5852
2712 10916
1003 10917
11103 11104
3475 3082
10681 625
20680 625
3676 1747
24292 625
24293 1266
14087 22910 22911
10707 6524
22912 22913
7388 3 14064 22914
10089 1150
18871 16096
3469 623
18872 1747
1397 26818
26819 311 7818
6294 3448 26820
3349 1242 5715
2888 2484
2889 623
627 9243
18299 26508
1481 1264
4524 26509 26510
26606 5003
26607 13590
8689 18273
815 15922
755 15923
4604 24219
1723 2484
5008 6863
1318 622
3308 4799
3470 15872
7375 15873
3941 9172 9051 11451
13425 13426 13427 7687 3982
11599 6474
11602 7498
2714 820 11578
27446 2891
14974 623
8312 1319
1003 13975
4292 13976
5003 623
1150 3101
6526 19364
980 7151
12780 20504
1003 13369
12483 21829
8792 5698
8793 629
8794 625
3799 26218
1668 10484
7057 2950
4740 3687
5228 1328
12967 26175
7038 26176
19071 14119
5286 19072
19073 19074
12419 19075
5387 19076
19077 19078
20836 7541 8658
310 3557 98 20837
4442 26739 13640
17779 17780
1693 3475
12738 21019
19102 19103
20081 21404
3904 7187
2603 2604
2605 2606
23939 23940 23941
13179 16747
11371 11372
4523 17461 17462
16038 16039 16040
16041 16042
1289 16043
16044 16045
627 625
1693 1161 3579
18446 1563
13210 13211
2461 2140 20869
18216 20870
7280 20871
28056 28057
18790 18791
817 9078 11204
11205 11206
1668 11207
1668 10480
24205 24206
21587 21588
27716 1747
2591 7972
757 10125
3112 10126
8268 28479
9221 623
8792 1326
2461 1150 309
4760 1998 1328
372 11035
27246 27247 27248
13406 27249
3021 3601
1397 12443
4816 698
10119 6744
3053 14919
17578 15032
4544 1366
10677 99 7390
27672 27673
8442 27674
18463 5004
3579 1440
2714 871 21888
14887 311 6922
10237 3346
4879 23090
906 2370
310 2371
2372 310 2373
7038 7039
1218 7040 7041
3843 3844
17294 449
22141 22142
2110 23587
10163 10164
3541 10167
5966 2891
5967 1562
5968 3687
20838 8557
6272 2429 15692
8700 15693
12950 3471
3577 27551
26661 26662
16228 26663
9930 9931
11816 11817
11820 11821
1200 11822 11823
5028 2950
3084 3919 3904
4362 20833
6294 2982 1112
2338 97 3529
13757 2572
9460 1747
17200 3904
17201 8705 1320
8860 2891
8861 1567
11362 18613
28683 2482
5824 1150 309 3982 13 5825
2605 2606 3982 13 5825
2605 2229 3982 13 5825 51 5828 5829
12941 20998
7615 97 20999
3543 21000 21001
3543 9349 21002
20973 20974
4097 10166
2374 20731
11811 11812 123 9402 3982
3541 13634
10168 13635
1397 311 14429
20382 10825
20383 1692
13059 13060
7329 12106
6013 698
24143 24144
9677 24145
16692 16693
16026 16027
17789 17790
7254 1322
13822 3799
14821 13862
12083 2484
12084 623
12085 1328
5606 5607
4523 1111 5608
4879 6764
701 2891
4915 17135
22931 629
17235 2891
10432 14085
12864 14089
7828 10509
9980 10510
22380 22381 7199
10266 10267
1111 10268
23515 629
13829 9120
28753 28754
2284 2285
2605 13267
2374 13268
308 98 23959
16190 20701
8994 1319
1112 12375
1239 5594
19830 19831
701 26333
22366 22367
15717 17242
17243 3904
18807 28637
4095 4096
4097 4098
4099 4100
23742 2950
19335 625
18353 3904
2290 3 4317
2290 15502
24246 4340 6474
1441 16071
223 224
225 226
143 10311
8999 20161
18683 20162
12712 9080
25726 904
25727 1319
1321 4799
5077 871 24149
1668 70 10472
11972 3961
6080 3677 6081
14566 14567
69 14568
223 14693
2949 2950
2605 17208
3541 17209
17210 98 17211
1200 27347
4544 27348
69 1587 7949
5299 8845
7202 11597 629
27864 9080 1150
9391 17239
2607 19582
1263 3687
19370 1319
3161 16181
10443 27854 5736
4465 17547
1003 1004
11025 1564
2484 6615
12655 871 1567
2114 9392
24728 24729
10404 24730
3982 13 24731
14622 14623
1781 14624
9669 26994
14887 482 11624
310 871 26995
1668 14788
16557 16558
16559 16560
1763 70 1764
13981 16738
5648 5649
15466 15467
12464 8252
1668 97 25437
7668 26476
16156 26628
1364 7236
9980 686
69 1441 21235
26429 2484
26430 26431
5713 26432
8262 8263
9601 9602
6294 9604
13832 27513
10108 27514
9460 7944
7941 904
627 698
23053 623
2288 9118
2699 9121
1788 1150
14384 1319
1318 14119
14385 12375
1788 1567
5299 17674 8602
17676 870 17677
1003 67 5151
20736 629
20737 4170
4524 27626 27627
24465 24466
8020 24467
23368 24468
11008 1328
23549 629
23550 1567
4136 14838
4019 14839
373 14840
14144 1692
2175 14064
1668 66 4878 9825
3841 18082
15511 18085
18086 18087
18088 18089
18090 570 18091
2750 21884
4055 2484
7038 1570 10530
700 629
5824 1326
16687 16688
15415 15416 15417
4961 3725
15152 623
12455 14142
7423 7424
141 7425
17764 1398
6712 17767
17765 17766
310 26350
19408 19409
12746 19410
3858 24049
2932 15130
11940 1790
5981 15131
28161 11951 15541
6533 5906
1003 2338 28162
1668 12946
12947 12948
4292 2429 12949
12950 12951
12952 12953
4523 7225 12954
576 12955
17692 3904
3141 25448
12871 3 12872
6296 12873
9563 12874
10089 11403
310 1338 26073
2290 3 19321
21372 1338 23890
310 98 7227
66 2716 3448 23891
11468 67 11469
9850 9851
576 9852
22401 628
22402 4912
1563 8777
1289 21040
6911 21041
2114 21042
7360 9958
11324 11325
11326 11327
11328 1565
819 11329
11330 11331
3799 11332
1319 11333 1692
14307 2411
3100 8292
755 21831
12342 15123
26789 12175
8034 8035
4169 4170
2372 870
4171 4172
1111 4173
66 98 4174
4171 4175
4176 4177
1812 4178
4179 4180
4181 4182
4183 4184
11248 3084
22959 625
22960 22961
22962 22963
4544 7142 6863
8118 15075
17137 28289
28768 904
7918 3140
757 19108
2672 2396
23540 2306
8569 23541
11035 26 3579
2306 18456 9051 5255 18457 3982
10496 10497 3140 5255 18457 3982
19073 25624
14539 3080
5277 5278 5279 5280 3982
3254 1319 5279 5280 3982
820 4837
6294 67 22971
