
8387 4389
77 126
523 13
764 13
14308 1313
6881 22
5899 4425
149 2105
45 1281
3186 1474
1773 465
482 3208
957 219
637 277
2163 13
764 116
3 2382
727 57
3
1315 114
924 515
9014 2720
256 318
49 4458
1782 482
2903 853
8911 48
151 3055
420 487
3386 22
3048 1078
1181 10
1705 3260
739 554
9484 370
15 1796
739 48
7297 7298
3 1030
1623 1640
3 1032
516 2220
3 2369
30 111
362 7247
561 2731
650 13
1338 463
11 739
4884 326
8849 3584
22 1711
674 10
1311 924
3 3689
787 487
1261 1011
165 514
6350 6351
1741 110
739 22
22 1700
6995 90
3 1012
5965 2936
51 1817
329 129
725 218
1711 202
347 123
4458 10
1295 13
1368 325
5714 10166
314 485
840 269
22 1733
22 1731
5341 247
601 13
13 1293
15272 6369
3 1008
676 165
3888 21733
261 1850
514 100
1948 530
3398 49
2265 558
500 1341
866 12
1273 1334
48 1155
7204 1075
179 840
165 525
1459 114
192 2152
11088 508
655 295
2587 7174
7417 40
11 777
4089 291
2465 187
3 404
1035 1002
17651 5714
541 1738
764 85
611 111
14163 841
9616 1138
1209 129
669 580
593 12298
11 780
10 8849
3 416
1816 1475
2801 514
1154 318
514 114
446 641
2708 8911
1486 149
228 22
640 641
40 4897
326 3691
1059 810
1334 3893
840 1940
12194 5735
12294 269
215 1972
860 712
149 8264
505 111
11 766
14283 2755
1490 4789
3194 26
8422 8423
114 34
326 318
1707 503
1106 430
1479 3
1315 7139
2367 45
1589 28
367 13
1054 536
514 165
126 10
22 1785
740 460
25827 484
3 1097
26 454
386 1755
1160 508
367 22
1183 2654
397 552
253 10
235 1618
1577 45
3406 3340
114 10
3 1081
380 13
94 827
158 901
204 94
26 420
1781 1782
45 1260
1490 3402
6688 4728
764 22
764 26
15597 1182
3 1072
26 438
637 10
3 1075
26 430
10 1399
9242 957
3005 912
2241 48
190 192
317 318
1933 2454
219 2599
807 1841
3105 795
189 190
277 265
488 3000
13 1303
1154 2595
10 1368
10 2697
1940 496
3 360
3 10593
11 3
220 2695
94 836
26 494
10 1383
10 1382
535 1154
2167 1829
1229 559
171 780
1353 7666
14069 799
1679 10
2152 2982
26 465
13 2611
10 1344
189 166
10 2679
335 2810
13 2616
4651 931
4164 79
3 347
13 2614
1702 49
94 855
253 36
510 958
1943 13
2535 13
10 1352
559 94
3 359
3 358
1896 1711
94 1091
1241 2601
157 1932
3731 500
111 2343
111 15315
879 3751
3 328
8920 725
10 3988
318 87
49 674
3 322
277 49
7259 4450
1012 725
5177 1383
10 1332
10 1330
169 91
87 2315
10 1334
22 13241
10 1338
149 2093
194 48
831 303
3829 1330
111 2364
496 1310
49 654
10 1303
2035 988
10 1309
220 1347
11105 358
1361 10
602 192
3 319
10 1311
3 317
49 646
3 315
10 1313
103 370
94 1077
454 5080
48 14917
1899 1711
468 3218
3561 3562
8248 764
550 256
3691 11381
10 2611
49 634
318 45
2343 26
10 3949
318 49
10 2618
318 48
1984 1270
1330 370
87 1019
559 49
516 530
559 48
559 45
972 356
13 1382
114 1086
49 619
13 1384
2491 924
30 171
561 1346
3 3755
10 2624
165 420
368 2093
10 3950
259 149
1537 3
10 2628
467 461
4588 165
13 1374
13 1368
14615 149
848 5798
318 22
3 3748
318 26
105 855
559 26
26 2281
5845 278
842 22
669 1570
3 3730
265 87
318 30
559 11
17067 3415
277 61
22 6663
1948 565
4257 3055
2194 1526
559 13
1738 13
23652 1204
3 3
3274 3512
3105 1663
1368 271
966 1186
739 460
5602 14833
26 2260
10 20770
22 4017
105 827
1120 11
113 5074
1311 4062
829 49
924 432
344 337
3419 514
94 1018
3030 514
560 13
318 11
2419 3714
91 48
10593 5610
13 1338
10 3916
839 1752
318 15
535 28282
318 13
91 40
1203 370
292 434
328 709
3584 3194
13 1330
9108 2039
3830 15
227 15100
744 2656
3 386
15 1858
111 923
1591 1754
117 2192
501 3331
550 203
26 2241
514 3169
2362 3830
358 2281
4355 762
149 841
1711 269
2584 13
4164 22
1950 7044
94 3651
136 100
5455 19852
1458 676
3 1186
1937 10
218 6787
601 3307
4848 22
1215 22
1330 15
192 496
1015 759
92 207
420 397
391 739
3 1174
329 203
48 1211
329 207
3838 1752
1215 13
256 432
385 593
1368 400
1949 13
92 202
14405 1407
5618 2222
3 2491
92 219
861 208
3 1163
48 1243
646 184
2426 49
609 3340
787 588
367 762
328 860
159 2093
2541 10
212 297
536 957
8142 83
3 1153
2936 656
1242 482
362 474
367 779
121 10
111 838
1131 114
1227 49
912 1262
4093 116
1152 5899
10 7672
3074 49
5830 514
488 1940
22 18126
121 3401
198 100
367 781
6893 2942
1419 49
2043 6154
9167 318
227 3038
601 2008
609 5988
420 1280
3662 26
11153 2215
839 20121
3105 1807
367 792
237 841
5501 764
3 1120
1161
3 1123
630 5897
256 460
133 13
11773 12180
420 1275
966 2454
514 219
455 514
22 1602
6373 2257
3074 13
3 1119
48 1275
10 8986
3357 23289
92 269
1753 2235
26 522
26 527
26 525
1203 516
194 22
1937 92
3 526
3 527
92 273
182 49
92 278
7725 18653
3194 8100
739 4037
38 3
823 22
656 55
554 26
26 538
482 743
22 1626
1248 117
7305 1914
1203 9484
1407 26
3 538
3 535
3 536
668 38
1242 2152
96 13
637 1601
41 4103
7557 585
26 501
26 500
26 505
2012 798
2093 370
1190 337
8521 26
19810 1964
554 13
165 1104
2156 1078
1276 45
26 514
11 646
45 1349
19779 3041
3584 8036
194 13
454 1487
3 516
3 514
1679 351
798 1632
1894 19997
3108 1711
1799 11
760 887
2077 646
220 2812
912 516
87 6084
3359 117
22 14615
61 6413
10 8920
2549 5830
514 278
957 149
596 656
3951 49
22 1696
855 3
3553 165
10787 1338
1215 192
11 678
16387 26
315 1736
13 7557
291 2533
955 3048
1758 1204
256 2007
212 271
1779 218
2801 688
2236 1090
3 1195
170 22
2877 916
566 13
1799 22
555 2241
482 79
2635 1154
10 12259
505 284
459 4349
47 22
10 1494
1828 13
10 1487
902 1368
1577 10
3 488
2398 13
13 1429
1510 5482
9923 2008
1187 13
268 111
380 22
80 550
14337 7635
1383 370
300 10
514 192
114 605
312 192
10 1499
79 784
23 57
3 494
3 493
1796 1794
727 1408
11 45
775 4245
123 988
11 49
13542 501
10 1471
1894 2593
13 21536
13 1402
619 10
13 2731
2242 271
11 51
739 1700
10 1467
3 468
13 2739
1195 515
13 20201
3 460
607 26
916 1939
60 26
48 7451
709 710
1858 149
367 84
10 1474
1587 25665
1383 358
392 13
1186 601
38 1368
1602 212
3 477
2957 247
1163 514
6634 45
165 1056
433 94
219 1188
1802 218
11 26
1221 326
10 1446
6094 45
482 22
3 442
103 269
656 10
987 269
646 219
2686 26
11 36
3850 1382
103 278
111 2213
5441 117
10 2789
11 40
13 2701
2944 2419
2135 1878
3 455
3030 1163
10 1459
13 20251
94 750
94 751
1330 284
3858 2651
291 1167
1138 79
7742 4903
117 430
10 2756
11 10
52 1241
49 774
70
860 912
3 420
1032 1124
1195 2768
84 13
11 13
598 5385
2499 10
303 3
93 4008
3 438
210 22
219 942
10 2763
49 760
602 1711
5274 2599
380 81
1602 259
3187 49
1338 5638
222 22
5958 40
13698 116
3013 94
4060 326
114 677
3 1229
12908 132
10 1402
488 491
49 750
2494 688
97
10 1408
1009 503
5557 3508
1841 82
44 482
344 259
3 3873
686 1458
200 478
1858 1054
10 2746
10 2747
488 489
1858 2382
1330 85
7082 13
87 3
13 1490
11 2006
2260 160
49 727
4548 22
13 1487
3 3868
10 2717
1330 79
988 12298
26 1075
251 116
2118 4513
344 1915
3 3850
182 1032
11 2021
1186 688
739 391
15 1705
542 8439
385 677
49 709
30 261
1570 7205
2007 1408
2880 1458
1260 3
482 23814
15 1753
824 1779
2121 1221
1841 3038
3731 1242
10 2701
47 48
94 3792
8247 25443
114 641
111 807
15315 559
1402 673
220 780
303 6203
3373 835
607 79
931 230
2516 49
3731 1207
44 474
6747 10
825 1046
5700 2211
3703 26
48 1309
27890 4105
385 646
4897 15
47 26
79 764
1330 22
385 478
92 559
15 151
4088 1154
15 150
3 2156
119 85
48 1338
165 1419
184 133
454 6686
488 535
2643 3422
953 1303
11 944
1273 2880
156 22
1242 580
45 1053
94 1215
1810 49
48 1330
92 4257
2037 5884
103 516
218 6418
10 2903
15 179
28 45
1572 13
1154 165
5657 712
2362 7608
4112 482
49 2025
12298 1195
13 1082
15 2880
10 6497
3 2123
630 2211
3 2124
168 14056
488 503
1204 26
28 22
1958 19183
15 111
739 743
28 26
13 1078
2084 6412
18801 16916
2717 3097
48 1382
27575 417
117 2376
912 486
168 169
10 12523
8892 1124
5434 336
1008 1624
7618 588
48 1368
3 3432
11090 11091
2894 17079
440 744
1154 114
2230 114
61 1497
15 133
281 149
3728 13
156 10
538 2158
1698 10
90 22
28190 11
986 1106
329 358
2585 712
516 393
1379 1192
28 11
28 15
344 514
2167 957
886 2126
3 3419
6052 45
6052 49
13 15953
278 4527
1711 400
117 2343
430 1195
1186 901
2477 1154
2636 10
26 3
3945 691
49 5928
1984 318
97 871
208 284
14511 1972
45 2300
3994 49
347 359
3478 1972
527 882
988 926
394 1253
510 678
3 630
26 206
22 1555
256 6941
40 2417
3 609
3 605
3 602
1176 1153
13 3
455 459
13 7
440 3278
23528 841
4060 6592
103 559
7195 7196
1707 90
4350 1444
219 654
2709 656
40 1106
1878 792
582 792
2647 2648
1570 1204
926 738
1253 22
45 1028
3 2167
3029 887
49 487
514 12937
535 1382
43 3568
1796 11153
3467 235
582 688
27244 45
13 3730
1054 298
292 220
806 807
5690 6187
1054 299
13 3721
2236 1313
368 23
26 1137
20212 1338
2419 57
1901 278
49 471
13496 1330
810 216
2210 21582
3402 26
1186 988
11258 588
3434 7716
49 466
432 165
40 986
929 1624
912 503
2198 2397
186 3048
80 641
1602 2035
505 45
10 1590
49 456
3 588
3357 3402
4773 3104
26 237
26 238
26 235
400 100
381 13
505 38
446 370
400 109
8495 25388
282 2388
1154 1475
362 1382
860 85
1186 963
882 284
1723 269
3 592
12045 3359
1248 165
301 966
4888 17067
961 119
10732 15
111 2584
2775 10
1091 220
80 5618
2880 1733
555 712
49 430
530 23
3 560
3 561
1154 8939
446 48
23272 79
3290 10
931 15
13917 482
11 1068
827 277
26 299
6452 2903
2218 14405
11659 560
26 298
111 1241
1858 298
3893 370
49 428
10 1573
393 1850
1858 299
49 420
397 276
1162 22
463 7965
13 7274
13584 10
10 2880
529 13
393 10
10 2877
49 415
3 544
3355 10
298 5858
1723 215
878 404
1019 117
535 1330
3 559
10 1550
49 401
87 1248
10 1554
530 10
297 505
2701 2121
2006 49
646 550
2006 48
4645 13
538 3587
48 2708
4627 514
4351 79
1601 48
11 1016
100 3
13 1154
11 1019
2211 22
10 1524
4643 199
2647 14752
542 930
738 10
1647 114
637 430
842 525
211 13
467 218
13 1137
200 111
10 2865
1345 116
11789 516
1910 220
2089 3307
10 2867
1858 2260
955 11
2415 1590
10100 5753
36 3594
609 691
13 2460
2469 1711
11 2367
434 47
955 13
13 3793
111 2561
2235 13
2211 45
13 1124
61 834
13 2456
10 1500
535 3945
943 61
2656 114
358 765
237 4457
1731 535
10527 4966
1707 3564
772 514
1601 13
3945 11
13 1120
2667 530
132 13
10 2849
10 1516
7146 432
489 1190
8257 26
49 2099
44 149
3827 2397
2657 6447
79 5501
1154 2793
1810 15
235 13
10 2815
3357 3483
491 1258
420 630
13 3755
10 2821
13 2427
19162 2133
28345 40
10 2826
126 3
6804 136
893 669
49 3394
13 2415
901 22
7840 22
20945 2211
159 149
4008 3
3397 3
2250 725
245 7840
1572 49
1752 432
26 2488
26 1155
385 526
129 3584
2152 73
609 641
10 2808
94 1232
8239 688
807 169
3785 358
1338
38 149
775 22
45 2495
514 4072
11 829
501 1090
235 49
3 2261
34 3074
454 6558
488 1753
4047 2397
775 13
924 1799
150 4899
247 22
488 22
3 3581
94 1301
7 5220
48 1487
235 163
675 672
463 930
739 677
49 2129
149 1106
6972 23272
799 22
751 45
3278 3
386 22
259 13
588 297
315 114
1896 2781
13 1192
877 11
272 49
284 26
10 5253
115 284
284 22
420 588
751 10
1190 516
10 6577
1261 2222
1940 1124
38 189
1896 2779
49 4787
853 48
7247 192
2872 13
7611 22
284 15
1244 1369
420 592
190 208
284 10
48 1496
536 13
5602 1182
1301 114
347 242
561 957
464 49
22 2701
33 1270
1120 3208
527 725
841 87
13 1171
5716 13
1171 3714
8986 443
1487 1506
315 165
478 3004
3 2218
478 3000
2232 3
10 12421
3103 482
220 497
877 26
272 13
13 1162
5327 1795
184 236
912 370
22 2721
2733 10
270 3
10 7873
117 3796
10 12
121 3280
2866 482
4247 169
768 769
454 19139
3 766
10 7864
1591 22
3 760
440 26
272 79
3 15762
22 10
3294 792
3358 2121
10 23
10 5223
26 2617
585 482
544 1573
3358 514
778 114
3 772
1743 430
11870 2394
3916 6310
284 45
2549 27244
4484 930
301 38
80 807
432 219
3 743
1162 13
2369 2093
131 2388
455 318
1717 3
2093 149
22 1402
777 778
13 7345
5480 318
55 3358
1858 432
27476 4966
190 272
463 23954
22 1436
26 328
10 11153
2093 192
3 725
15831 6570
3 720
1554 51
7635 11
4007 1964
887 4247
20685 10128
94 915
1274 1007
641 114
1878 688
4891 10
189 550
284 94
1570 1338
165 1315
3181 48
415 49
570
45 2466
90 1640
1043 2039
463 1906
9065 5598
403 94
2091 7638
271 1344
807 114
2242 102
10777 554
26746 79
1500 2135
326 1124
727 1626
1475 6593
228 676
151 13
13 3850
49 597
3829 1270
2157 13
1209 26
397 126
16659 14685
3734 247
535 1273
8311 10
1229 202
151 22
13 3833
6780 6781
114 842
2595 299
49 586
3620 26
4206 3283
126 45
555 1211
26 347
550 514
1607 87
26 344
192 3830
824 544
3194 3195
163 26
601 494
2102 724
415 10
22 1487
114 41
10621 1190
21870 1829
151 40
1368 1486
570 3043
9195 21099
2194 1487
3217 218
90 115
882 163
597 111
100 611
11918 218
111 1130
727 841
15 5040
26 1219
561 2369
3392 49
49 555
49 554
2716 8495
131 1154
3 680
94 995
725 2690
4640 208
3815 570
585 26
13285 13286
219 2265
6350 3751
87 1347
1570 10982
27436 516
94 994
1896 514
2664 825
268 363
804 10
998 22
4165 1807
1607 48
3292 278
3668 22
114 92
26 385
10 1663
2160 318
3 664
7229 8257
882 132
27705 22
597 10
2157 11
228 683
298 3300
3087 3
3988 22
993 116
585 49
49 522
2730 4895
3130 209
380 114
500 98
77 79
1258 26
13 1273
841 22
2624 13
3445 29
6071 656
10 1641
561 13
49 513
49 512
536 49
149 793
500 1758
77 85
10 2978
163 87
4290 114
199 48
3030 676
561 22
169 23293
11459 630
1258 22
1619 26
79 943
149 781
853 13
44 247
199 13
77 2278
841 45
150 592
13 1253
149 779
536 22
2362 1346
841 49
1086 16116
199 11
10 1623
1258 13
10 2959
853 22
5602 3731
853 26
1774 1648
825 2178
2303 117
92 503
13 1243
13 2574
13 1241
13 1242
48 1502
2592 3240
2274 131
10 2960
759 860
5644 10
77 94
1338 500
860 1784
92 516
2121 26
48 1535
13 1231
1623 1624
165 111
1090 930
10 2930
48 2874
15 1516
163 49
359 21015
218 1613
10 1602
149 1051
1137 1197
22 8990
23 585
3 7196
362 10
2121 13
1270 3893
26 1297
2121 11
165 100
10 1610
10 2948
15 1523
10 1618
5482 3108
3433 22
36 2103
1731 688
3644 10
2595 22
643 656
1258 48
123 12294
915 3
13 1211
149 1032
536 3109
868 3038
265 584
350 49
3304 3305
920 910
22 6337
2870 1241
667 131
11106 49
3445 15
149 727
114 3
26 1273
2108 48
841 13
10206 2056
2266 8245
1619 87
3970 23680
13 3858
50 3
13 2525
3132 677
90 91
111 3729
1590 3038
2362 2625
38 111
12000 5162
1570 500
1570 501
1940 808
609 5656
670 94
48 1579
3 803
1648 5610
94 2775
236 22
3 802
45 2131
149 1258
14056 22
111 503
1779 514
92 793
7158 9672
861 5837
710 2651
12091 3814
514 515
3038 284
3889 49
200 85
10 901
10 900
158 514
10 902
13 774
13 772
236 15
110 22
1958 318
924 13
11624 1310
644 220
13 2180
7670 1334
110 10
236 49
1733 773
912 40
149 1231
109 13
236 45
500 209
10 8415
900 13
49 2265
210 2478
602 3004
2492 651
119 1774
592 40
13 759
541 2644
1984 1799
291 1751
500 215
3 5873
3 3218
482 19432
218 278
404 95
273 10
49 3569
1731 3051
10 932
957 651
399 10
10 936
809 49
84 114
13 2167
3882 434
2519 184
1120 1173
1382 1205
1369 116
49 3571
3062 486
8286 6477
404 460
210 1124
1999 1902
3367 212
13 2152
580 13
149 1205
7666 13
580 10
3858 215
49 4891
49 2232
579 22
912 233
10848 432
5690 3306
49 3548
4226 9972
10 912
10 911
326 13
184 344
725 2801
7618 1711
912 85
630 1167
810 13
1184 664
218 247
738 729
10 11455
514 588
13 798
1799 3
485 912
798 7247
10 926
13 3457
110 49
3 5837
19262 281
10848 459
2880 1069
114 385
1786 13
12091 2575
1618 2223
1012 18309
1607 26
669 13
111 582
809 94
3 887
256 6746
98 463
4089 1154
183 10
279 280
363 95
297 26
404 40
961 36
271 1288
49 14336
297 22
15 3
4478 5835
1488 3
1607 13
273 49
744 10
273 48
2782 712
10 988
727 259
4150 359
183 22
270 26746
273 32
3758 1284
441 10
49 3509
10 955
10 957
727 228
80 924
4008 10
514 1736
347 592
3 861
961 10
3 860
297 48
1138 1241
961 26
10 960
10307 6602
3478 513
10 967
10 966
3 3298
567 26
404 13
328 1999
1798 13
3 877
278 1231
3 874
3 872
1570 570
570 278
825 503
2446 2447
5837 5835
57 2431
1311 5720
10 2260
464 3639
49 278
49 276
3 840
168 1591
218 3116
877 459
347 527
95 94
1841 318
291 1779
48 6418
328 16802
669 48
49 267
20111 11
4845 3331
1274 1155
488 2093
10 2242
45 2103
3 825
10 2236
931 1894
4673 631
3391 13
347 550
20240 3952
10 990
190 1602
10 3584
5343 5344
227 247
158 22
111 593
3391 26
7567 1696
2323 49
985 10
555 13
297 15
798 3727
505 3038
90 278
297 13
1116 1117
1338 1798
22 87
1155 988
413 505
13 17167
18126 6570
318 114
11 251
1253 432
10 3548
49 236
49 235
1852 10
793 11
10 2218
1368 82
1164 10
347 604
608 13
783 784
22 5702
40 3038
488 2160
793 26
117 149
10 2230
744 94
22 94
22 91
49 229
1471 90
781 48
10 4889
1331 2210
1950 2696
15968 1733
49 222
49 220
9101 9102
1051 1911
291 630
22 5735
688 380
10 77
768 30
10 79
83 13
126 277
117 111
111 3255
3275 190
212 503
685 525
10 3524
10 82
192 2625
10 83
10 84
961 92
10 85
276 430
113 3703
6813 1032
536 1082
1679 3571
1792 218
793 48
11720 9097
10 88
117 122
4422 482
1932 149
10 90
10 93
49 206
149 488
48 5154
49 200
22 803
760 559
2701 3652
744 49
27895 272
22 43
768 11
6787 561
2278 988
12616 170
117 3911
1211 22
22 36
10 61
22 34
10 63
102 1160
95 10
22 836
601 392
4718 1204
916 1602
503 116
503 109
9193 1027
83 22
22 49
685 555
10 4846
3210 2751
22 48
12194 12195
22 45
278 1297
48 860
715 1700
7269 79
22 825
301 739
10 4847
10 4849
22 827
25824 11382
297 87
3937 9014
10479 2382
3 787
22 11
5080 1624
10 4819
22 855
13083 11
3 781
1526 688
242 2392
798 1027
744 36
1911 13
1911 11
1487 5899
10 44
22 30
541 542
1840 11
656 1384
1211 26
22 26
10 50
318 100
22 23
3 798
4581 1933
48 840
3 793
1286 117
15295 81
48 828
1911 22
34 641
13 2241
688 326
988 1060
612 725
3038 26
22 871
1355 3340
45 2099
38 1654
582 4773
1258 779
416 12245
2868 515
22 4459
363 202
359 360
3306 2669
3038 15
48 1602
22 860
3038 22
13 3556
1119 2222
1018 10
535 404
93 3087
123 468
1505 10
3714 284
48 2964
1315 1334
10741 7956
3038 48
3145 2731
149 413
13 2214
359 4806
13 2218
33 1346
4089 630
6071 22
1446 48
928 929
1864 84
3038 38
1699 10
13 2210
514 7963
114 347
1211 73
1274 196
14338 49
2382 582
3274 1338
23 236
11542 5858
359 318
18966 2260
2969 26
329 2644
428 1022
244 100
2009 725
6898 4895
2594 986
6041 22519
2701 3627
13 739
2434 13
13 738
688 370
1529 10
768 87
48 1652
2257 85
51 3
2686 1886
10848 1689
13 729
1310 299
347 1452
966 10479
1731 325
9377 2476
13 727
26 3105
13 725
4671 2491
781 13
368 3
5610 1176
2435 2436
2880 3751
2447 690
1120 832
10 8351
4459 2431
192 1346
1176 40
3420 1154
165 3
158 400
488 894
434 441
149 1374
720 3039
49 1077
10 11356
344 2035
114 277
1602 82
489 233
92 689
10 7247
982 368
2197 2198
347 1490
1383 812
105 220
3 933
1190 5994
171 1296
3 931
3 932
740 2248
49 1061
3038 198
13 646
514 669
1386 48
1386 49
210 211
10 10044
114 296
474 2257
98 27892
49 1058
1841 299
764 3106
1259 49
10 7224
2849 13
727 4126
344 677
88 13
296 5501
13 630
386 367
3 913
2747 13
1296 49
1500 631
966 582
1241 688
10 12697
105 200
6423 482
823 120
2585 40
1163 1958
169 8272
190 22
2491 1799
514 688
1841 278
630 3680
9846 1736
1602 44
10 825
3 3313
49 1024
15 80
165 55
2167 1382
584 434
680 20945
931 630
96 1800
9577 10041
149 1315
13 686
367 2466
15 51
218 367
1607 165
4944 12045
1550 117
4513 22
13 677
10 806
13 676
10 808
727 159
13 673
3367 317
10 807
1162 1082
1780 13
3 4628
1284 26
1833 49
3331 1338
10 1090
10 853
641 303
490 192
10 1089
6597 26
1258 7046
2248 2241
10 860
535 299
10 861
11 1948
45 3509
10 866
10 868
147 149
2644 303
363 1817
880 709
544 1330
111 454
97 1211
1614 10
1209 491
6281 11587
1946 1932
2378 13
13 7110
3 2093
3029 3030
3038 116
1700 2936
10 1075
6602 11
3391 315
97 1204
3 988
1731 3108
1731 3109
1858 2810
3 987
10 2398
135 397
276 277
2801 13
1490 244
1338 1723
49 2300
10 840
910 1817
765 2919
10 841
1618 2135
13 14726
10 1082
1495 13
218 318
3 2089
10 1086
1802 1804
1120 3880
10 1077
7221 1124
6994 15
10 892
11 218
535 269
16966 482
3231 6360
3 966
10 2378
415 3
760 404
1500 1031
1756 1258
4369 11
11 1903
541 488
1784 2397
807 370
2379 114
4671 17687
49 385
641 368
477 4535
10 878
10 2362
10 1032
1626 49
10 1030
40 85
3 944
217 49
230 503
10 1027
5877 117
482 2419
10 882
535 278
5532 13
10 886
230 13
10 887
454 798
5480 514
4114 3797
229 22
10 1043
2614 641
368 10
1882 10
1999 503
40 79
111 478
49 366
49 364
7524 12242
49 362
10 880
116 11
220 1019
116 13
455 149
116 15
20791 7283
117 2733
10 1009
22 910
4889 13
1310 3508
26 131
10 3682
1154 2231
26 133
676 87
1487 3184
10 3677
344 44
10 1012
49 349
49 344
10 2344
10 2345
49 342
544 278
17575 3618
10 793
10 798
669 853
6715 13
1062 13
11 111
26 100
1752 1124
4667 601
7668 482
6301 13
49 332
2500 63
1869 2035
4684 3402
2617 514
1487 3170
2362 149
10 792
871 1211
2456 432
22 5602
455 159
26 113
9408 579
111 3121
26 111
117 2724
13 18366
344 23
2090 22
244 219
2093 2107
94 6444
220 1022
278 26
1155 1914
2548 13
2167 22
2465 4587
359 278
11 179
1817 208
26 166
501 1204
11 175
344 13
22 950
798 1117
278 22
3565 10
278 15
116 45
116 48
966 6350
206 1106
501 1211
229 83
11062 765
3912 7299
1258 2222
744 1810
3057 40
328 5610
278 13
798 1128
278 11
468 1186
278 10
26 149
16535 278
446 202
4061 149
1415 13
116 38
359 299
318 219
2068 1154
715 1610
1247 220
24169 23272
22 6978
116 22
807 15165
90 318
116 26
1602 1253
554 825
1841 3457
14689 482
26 156
48 1700
11 161
688 85
1102 630
1032 4645
535 318
22 966
766 117
210 199
116 94
48 1731
13 1035
13 1032
13 1027
149 559
561 3416
538 151
13 1026
259 3779
22 994
149 552
38 1773
48 953
503 278
12240 278
165 10
116 87
840 3357
2585 10
159 3000
209 2435
489 83
961 265
7642 22
3 4726
114 206
750 10
5327 1602
3106 26
654 3
22 988
120 716
278 49
278 48
1205 18126
4397 669
5083 727
737 13
3330 22
7977 1908
48 1753
15 10
7131 22
148 1914
149 535
2585 13
87 2006
13 1008
278 40
278 45
425 149
114 210
1612 392
17806 2191
2585 26
798 15831
15 23
1381 368
4457 5952
2309 4897
165 34
22 3030
455 1573
664 49
10 8489
1310 3533
1173 278
582 2271
8415 1382
1991 13
149 516
1386 30
220 1055
664 45
688 11
48 913
1792 49
13 617
465 94
48 1769
82 1270
676 48
988 2222
218 297
57 841
291 13
463 1679
13 609
26 3229
688 26
278 94
688 22
1573 26
13 605
13 604
641 3722
48 1798
430 18264
329 630
1167 149
725 22
291 22
23 370
278 764
765 762
3012 149
3412 2210
1573 13
224 9159
5362 10
220 1068
123 2939
190 506
676 26
8033 87
788 461
676 22
1209 503
1270 853
13 3616
49 1085
725 11
503 284
477 933
725 13
250 366
603 10
1002 367
1002 368
22 592
22 593
3 3005
20344 20345
2644 22
4653 40
22 597
2684 2533
1334 1091
14636 2757
807 2007
10 7368
22 582
94 1699
1285 13
10 23683
1841 192
280 303
924 20945
7 278
111 739
588 5243
3029 14756
10804 2397
1402 514
10 9993
8813 3255
61 437
2178 114
312 601
123 199
3730 3732
630 165
368 206
1218 337
3648 559
630 1379
344 4347
488 988
762 48
488 986
1138 183
772 149
1475 315
87 175
3937 3058
725 85
774 10
750 45
2678 559
454 3130
87 179
49 1155
2167 3893
49 1138
11 504
1733 580
259 1167
672 7741
13 3243
125 619
100 292
612 514
1368 561
2554 10
656 3
725 79
514 314
22 1970
762 13
4690 48
776 3
10 9951
2121 1736
45 3286
1587 482
1368 535
49 1137
15 2427
8008 1338
13 3223
7326 5690
513 10
192 7608
1446 1215
111 759
49 1125
15 1160
9827 2832
11 531
855 111
182 116
870
871
2836 10
8159 12285
8159 22
1334 156
1012 22
40 582
1024 10
3721 10
203 303
489 1610
1105 841
49 2432
541 359
1211 2152
10 17870
646 2274
1152 9715
10 1190
10 1197
10 1195
606 8251
4247 1310
685 363
1242 190
1864 1154
1700 22
514 389
9984 22
328 1750
328 1753
1297 91
3208 40
3730 2494
2243 2244
535 149
13490 2152
393 3
490 271
10 1174
1209 6495
1156 111
4491 26922
2721 503
1490 587
460 762
1297 22
656 347
49 3717
10 1182
10 1186
117 2786
10 1176
460 792
461 114
420 284
10 1152
10 2478
1794 1258
612 588
1811 3891
1769 6558
554 12782
10 1148
3208 11
1055 114
92 2936
959 3668
672 12614
762 87
3430 136
10 1163
10 1162
10 2491
10 1155
10 1154
430 955
218 26
561 455
1081 764
505 318
48 688
4889 85
149 284
273 3
860 503
3340 8142
21536 515
803 1933
609 275
338 810
3186 297
759 315
478 256
11 497
1229 792
77 807
10 1124
1253 673
18430 6117
1253 677
10 2454
94 6576
40 516
48 677
1989 26
1486 792
2120 87
494 1939
10 2472
1736 45
111 3462
1736 49
10 3798
173 174
149 269
10 3795
10 1138
759 323
10 2465
923 482
347 841
508 1711
7994 10653
19746 2211
22 10389
1085 10
1602 1186
1958 3468
525 94
3313 3261
11 477
514 1573
10 2434
10 1102
6497 278
10 2439
914 561
609 281
597 3
103 49
2701 151
1487 3038
10 3782
11 488
803 13
10 1120
18126 1911
774 515
22 9099
10 2445
278 1075
2883 554
10 2446
149 247
1487 3046
2756 358
13270 1332
165 7957
92 1599
13 902
267 10
1297 6597
111 2102
10 2415
1097 13
4457 715
48 630
10 15117
7985 1711
2466 114
10 3748
10 2419
218 91
117 3
363 4166
1785 10
10 16431
5422 3413
807 651
3556 2127
17905 2257
3689 514
1368 2431
3130 544
206 207
131 841
48 606
48 609
810 688
4809 38
117 315
827 10
493 2230
149 219
2218 8404
149 218
2091 26
22 611
103 79
5501 13
1338 13
1487 116
22 619
4457 3048
22 617
48 1829
4532 656
2039 3358
103 85
10 3734
25888 1916
1097 22
242 2157
99 14762
48 602
22 609
48 605
2302 10096
13 941
18549 4126
87 131
1032 149
478 79
774 588
2089 3779
256 1612
22 6893
22 636
10 3705
1516 2178
3096 656
271 370
48 1841
525 40
478 85
22 6882
5293 4919
525 15
270 1570
3160 114
5422 3464
13 4640
2169 114
1286 5576
4955 26
22 656
10960 3325
22 653
402 114
22 659
4688 3
1486 3519
250 434
292 30
3038 1386
491 22
188 10
13 912
491 26
22 641
11838 1176
100 393
13 4627
26 2039
22 646
491 13
13 988
26 2038
1602 7305
26 2037
744 768
22 672
114 514
544 104
570 500
2880 1330
618 169
22 4257
582 3230
4254 6976
4260 1902
338 3372
6729 1209
206 3802
10 12909
26 2023
525 87
840 22
114 522
48 1894
114 527
926 271
114 526
265 219
4470 116
123 269
1487 3096
1209 400
5422 22
739 236
123 278
3462 367
13 958
582 4585
609 4478
1061 10
87 105
926 297
25814 506
840 49
22 688
478 22
10 7259
1046 165
8523 3
1106 117
630 3893
617 712
1338 11613
4342 712
5093 1911
36 1349
5703 2593
500 5602
4254 4239
3 3110
13 2073
10 6154
386 149
22 4060
1409 49
2198 13
10 11587
367 4819
3689 397
2810 494
5797 10
1733 656
1489 792
13 3399
359 536
1434 10
13 3397
4828 358
695 13
45 4688
3 3105
434 220
2491 1573
1500 400
593 22
570 326
5455 5456
544 40
13 876
715 25149
10 10271
489 490
90 3875
13 2048
13 2049
44 3957
49 1281
4674 3307
2191 3943
2162 10
2035 26
2035 22
13340 1046
5293 3457
1120 1046
2150 22
114 471
28691 28692
2047 22
368 347
1972 48
5488 1096
10 6107
2047 13
739 1192
190 2646
739 1195
2222 26
6593 8272
94 1741
4651 218
338 11130
189 924
2475 1154
2222 13
1120 799
2035 13
391 916
1344 13
26 21273
1452 2158
13 4673
11551 482
630 1293
256 218
198 798
603 430
2023 49
1356 10
6154 269
49 190
1798 215
646 13
646 11
90 6040
316 18726
49 1232
1382 2211
49 1230
2214 3158
94 87
743 48
49 1215
743 45
507 36
759 5422
344 810
1194 4991
4231 49
16313 278
27075 2152
256 278
5052 1082
94 77
1055 270
886 1346
6076 3208
49 178
510 2108
743 22
3891 87
1618 3229
169 662
10182 1158
646 45
19968 10642
256 7967
111 678
510 4762
94 95
646 40
961 510
5212 5213
914 370
92 1510
1753 1984
552 1104
544 3728
10 1295
641 580
1182 49
1500 1270
297 114
2964 10
1487 299
1253 514
3 12294
646 51
126 125
560 1258
103 26
688 1032
11 464
544 22
10 1297
2939 48
233 149
49 149
2300 48
1840 637
49 140
1368 602
1753 901
1313 470
3 4470
656 236
519 91
11 437
10 1270
314 3478
544 15
11 434
12423 482
1742 696
10 1273
544 11
10 2595
520 49
434 261
49 133
3994 641
13 2093
13 2091
13 2092
10 1280
11 444
11 441
3331 1182
1932 2000
1160 7150
49 6095
49 123
482 1338
688 284
792 48
792 49
183 94
1250 1640
1814 90
6084 49
15164 15165
459 841
45 87
3748 1215
656 132
1368 1027
656 131
49 119
10 1244
544 2397
10 1242
48 792
49 111
825 337
149 393
1258 810
3046 853
434 1136
1648 1938
7181 3184
468 772
1932 488
11 389
1932 485
10 1261
11 385
783 427
3005 3006
787 1280
49 106
11 3176
10 2585
10 1258
2598 1167
111 2019
760 218
1221 515
825 1231
12733 1610
435 94
230 271
48 1914
459 26
839 538
779 48
10 2553
370 10
196 359
10 1229
602 1984
10366 2793
798 4848
149 370
278 1182
460 13
2508 9537
3945 184
2271 22
646 877
94 5362
10 1241
688 278
45 50
3097 149
10 1231
48 760
45 48
48 4185
2789 13
5554 1911
3 9306
92 1470
370 30
230 203
45 36
10 1209
22 715
10 1206
123 1474
779 22
860 1383
3594 724
48 738
48 739
3894 281
10 16313
1602 1032
220 1202
45 30
459 13
459 15
370 22
1838 38
779 13
10 1215
45 26
4007 11
94 30
370 26
10 2548
5602 799
792 94
48 727
634 15
92 1459
370 1136
5638 1182
82 83
1154 1173
2877 1046
45 13
28067 278
5052 1072
825 315
10 2515
382 22
3413 49
391 2541
2160 785
45 11
45 10
552 553
370 45
149 326
942 49
22 725
16802 14636
94 50
22 724
370 48
370 49
10 3858
48 725
1332 45
190 1338
1769 5085
2222 48
3957 2507
100 253
13 2121
149 318
966 44
22 751
3210 712
1182 5602
48 714
189 901
2326 3
1989 6107
13 811
22 5423
2082 3442
382 49
10 2500
48 1970
14487 4602
10 3833
10 11507
4713 22
36 943
588 2942
22 744
3628 151
1676 49
90 536
13 807
148 988
10 3838
10 2507
1332 22
493 149
1717 10
48 9002
709 6405
13 3430
22 772
114 455
22 777
1032 3109
22 774
385 842
10 6095
22 5446
570 1707
8101 5790
271 272
3748 832
1153 149
672 1467
100 273
2089 149
13 3413
13 3419
87 268
370 87
4470 1195
332 3
2435 3898
100 219
336 324
4071 2266
1161 1939
688 244
230 297
13 860
22 5480
212 13
487 8682
90 503
5086 6020
336 315
3456 117
382 87
10 6071
792 11
609 22
792 13
3307 2093
87 204
739 1138
25388 2487
13 4727
22 14057
750 3
869 165
2632 10
3782 13
10 7371
484 6427
10 6040
4457 22899
6577 4590
792 22
117 270
57 49
1506 22
13 841
150 151
2880 602
3748 887
13 840
16254 2090
554 7608
772 4821
3412 326
235 527
256 1711
11942 6562
1119 1046
544 1082
3399 2731
18653 967
768 393
3785 15662
3149 3062
45 92
45 94
6504 284
13 18562
2072 13
812 1221
2367 1689
739 2445
2232 366
114 420
215 209
9715 1526
215 208
3430 2593
1510 382
688 841
87 40
566 2222
1796 1086
87 26
370 114
3260 1083
370 117
13 3038
823 2652
111 1967
2826 49
1799 3556
2276 117
1211 215
9002 1984
944 179
490 491
87 57
264 105
2507 11
2035 149
87 61
2035 148
825 912
488 3829
4707 2898
38 94
4853 247
617 4990
87 47
26 4060
22 362
370 100
22 363
87 51
26 85
712 184
13 348
13 347
10 22562
322 269
26 80
13 3014
13 344
22 393
1958 764
178 10
13 3005
49 1392
1490 741
3043 608
1313 1382
94 1882
26 97
3366 8183
22 380
26 90
26 92
45 648
5084 49
13 6993
45 646
577 500
727 2093
22 388
1689 514
1700 2478
40 1739
582 1330
966 6904
5821 5822
38 61
13 328
9080 20339
656 514
13 329
38 49
1032 488
2035 183
8902 7635
3833 13
13 322
11365 584
958 432
6685 6686
617 618
13 317
1155 1489
13 318
10 3184
485 3999
49 1361
3748 3592
1008 271
3628 28
10 4484
91 116
13 385
91 117
514 3934
2751 284
10 3150
111 101
13 382
13 380
3900 3728
6061 247
4047 4048
9099 1275
51 10
10 503
461 94
120 165
196 4897
3 4165
721 198
10 4491
13 12683
1970 1382
6451 6452
7480 1051
20051 117
4726 1817
1241 149
677 370
3988 1799
3 5485
10 27436
13 367
10 5790
48 494
966 9167
10 4457
347 2278
218 3533
210 503
677 381
3411 2388
7716 7717
1452 1154
63 13
10 3136
48 488
3462 1295
49 2636
1311 2211
599 26
8183 3229
503 516
599 22
10 536
1243 10
10 535
10 538
1231 22
1231 26
1490 10693
10 3105
26 1858
10 3108
3078 840
176 165
111 147
1369 13
1705 1466
178 92
48 478
3399 6570
808 297
461 48
434 2423
10 541
3731 11
8415 22
10 544
49 3958
10 549
10 3121
91 169
3 5455
322 79
10 4449
26 1841
882 867
87 1989
261 4955
49 2632
535 6853
588 1083
10 510
344 1049
10 514
808 271
1008 297
40 370
10 516
916 49
3 4112
1627 15
119 202
87 10
3366 3340
119 207
111 4148
1506 656
5252 22
48 455
461 22
48 459
250 1711
495 725
10 527
1231 13
10 529
303 861
678 1158
10 4422
5708 297
344 1032
503 559
5018 1011
10 454
10 459
677 48
712 15
677 49
690 13
48 430
23 4226
941 22
10 463
202 1413
10 468
10 467
49 2707
1859 298
487 163
15 725
454 459
381 696
2269 514
2717 2378
304 165
48 420
461 13
461 11
10 460
10 461
4726 1779
514 1330
10 432
1280 13
514 1335
5416 6590
1938 215
1231 48
677 22
544 4673
9528 570
495 3815
111 6768
15 727
711 712
724 13
2466 22
430 760
5384 284
487 149
10 443
10 446
358 13
2466 26
2478 13
3891 964
1026 13
712 22
2222 516
111 6750
1368 2210
1589 789
48 400
2695 38
10 497
358 22
1894 11870
468 688
106 3
2908 215
3 1948
10 491
10 490
10 493
40 312
117 10
4789 3317
4257 514
488 1270
2191 22
218 3508
441 23832
2178 22
218 3504
1338 1338
1338 1339
19228 19229
11623 236
672 192
10 474
991 637
836 3
220 5719
1841 1382
4261 247
841 505
720 1599
689 45
3307 1027
10 488
1255 49
10 489
1589 739
507 13
1002 22
507 10
357 358
1817 580
11734 577
2415 617
1554 1555
3 1915
3 1914
269 1259
6095 3413
430 793
49 6256
3509 114
430 792
26 45
17167 599
609 5138
291 250
18266 808
2210 792
22 16308
395 10
38 36
4570 48
228 9622
278 468
788 762
16531 529
913 914
2224 967
270 2635
641 11
641 13
6107 87
38 26
5793 13
823 459
2361 2397
26 23
383 49
653 13
641 26
1807 13
1603 536
129 22
1382 270
38 10
2178 13
641 22
3329 1182
270 347
26 34
7110 7111
582 1270
1932 544
1161 12285
87 389
22 400
22 406
3584 208
751 3
3677 10271
1186 1914
400 49
359 798
359 799
10 10504
1288 114
200 3
1292 15
2812 117
7741 194
665 10
880 482
514 957
2782 1369
2211 165
26 10
201 13
487 129
653 22
1602 6685
1280 48
677 13
117 92
22 420
1182 3731
1641 1642
653 26
2491 13
1007 808
87 350
190 1270
2717 1090
130 22
22 454
36 637
130 26
592 669
22 459
400 22
1500 963
3399 271
322 210
990 49
6107 13
312 3748
87 347
736 3814
213 10
400 13
474 3038
3399 297
466 10
3705 544
454 22
1486 1711
22 478
344 1186
362 19228
3184 1902
1138 2870
87 4262
911 358
22 461
3 5532
454 14
4642 22
4864 808
430 85
22 493
22 494
2472 1916
100 1136
1700 3875
22 499
2594 1914
2196 49
166 653
3716 7299
370 219
14752 149
1340 471
513 3
772 1120
430 79
364 10
22 488
315 40
1182 501
988 400
315 48
417 45
10527 1526
3278 347
3229 1474
1798 491
3 5501
2369 514
417 48
359 1310
111 4089
3357 582
13 4457
582 2793
315 13
1204 1182
13 218
1162 291
13 210
766 3
1171 278
7899 1570
2826 7666
13 213
430 12
911 315
166 669
916 2487
315 22
40 1862
10 21137
5877 11
26 14756
303 10
2592 2593
13 203
10 3294
1700 541
388 13
370 270
7224 272
1120 561
163 804
49 1479
1568 85
641 773
23418 8599
2167 2211
3888 49
960 13
347 1034
32 49
15 3462
10 3274
1154 4385
5752 807
45 735
26 13406
5918 22
48 15214
1334 278
2986 111
13 258
1841 1330
13 256
2651 299
12259 271
1160 49
2730 454
165 11149
1937 3
544 4835
459 1258
119 124
10 4581
13 245
1798 430
3389 13
6414 13
388 57
1814 861
1507 117
40 443
13 237
4762 382
13 230
2731 87
1711 26
2477 6935
13 236
13 235
45 744
1711 22
2045 13
219 105
2180 1446
5003 3516
2689 277
604 22
7840 14373
1868 1869
430 866
4038 2793
602 3504
7308 3751
2697 926
49 1434
49 1432
10 420
13 298
604 13
2731 22
13 295
48 3038
82 234
48 582
303 725
347 880
430 853
149 183
10 17922
27892 1711
1612 1632
249 80
61 114
13 284
3 6898
344 2491
13180 1630
10 4532
23050 278
2731 48
7957 514
48 577
338 912
10 400
259 6310
10 404
2334 49
6686 1374
3533 22
3 5557
2731 40
13 278
13 277
1155 1526
28372 281
3533 15
149 165
1490 1595
10 3219
2191 468
1382 22
1082 87
49 1502
3048 1849
10 336
49 1505
197 13
51 2435
49 1509
1382 26
677 514
82 149
10 5845
10 4513
1334 318
49 1510
49 1511
2717 2248
10 5848
2593 11
1711 85
10 347
6050 2525
13 13932
1609 114
10 348
15 605
487 284
15 602
493 318
48 541
48 544
514 87
2581 49
1610 13
10 312
686 459
10 316
10 315
10 318
10 319
514 2541
1229 2466
3792 10
1711 5791
207 393
87 434
87 437
15 609
48 535
48 536
48 537
48 538
1382 11
10 320
1338 1204
1753 799
2152 482
116 219
10 326
10 329
10 328
3084 4321
284 430
1382 15
514 1221
15214 22
3556 3126
13 194
278 393
13 192
3366 3391
2743 1176
1784 13
851 10
48 524
10 4507
2035 1155
48 527
1658 13
1658 11
22 4786
97 15040
5733 4835
1261 500
1158 240
149 117
117 1841
440 198
149 116
161 26
3309 10
4821 22
216 297
48 513
48 514
2756 460
347 924
1382 79
10 388
1711 40
1711 48
2867 898
161 15
3949 461
149 100
10 380
10 382
48 505
13 12616
10 356
1382 116
270 6300
10 358
488 2491
1382 114
10 359
1711 79
1382 48
514 1257
161 49
161 48
527 163
838 22
838 26
9467 2051
10 367
798 4655
10 369
315 835
1459 40
1459 45
488 1176
12646 13345
161 38
148 79
10 361
49 6377
10 363
1499 1270
561 13345
13090 459
1738 773
3966 47
1459 13
92 1270
3424 3415
4312 813
514 11
22 513
514 15
1487 416
22 514
1070 15
2281 13
360 913
27889 26
278 1818
10 8051
798 4676
22 2158
30 3
4050 169
1958 13702
87 488
3950 278
339 340
22 508
113 413
1382 85
13286 97
488 1120
727 4513
26941 4265
123 109
1082 26
1311 149
10 9353
13 4513
22 2191
514 38
10 392
10 391
916 688
5422 10055
9594 1817
123 116
10 8033
1082 13
2118 1489
738 111
441 3
870 8159
514 22
514 26
22 527
328 2165
7548 1779
665 348
3829 149
5047 2491
840 1124
3277 4105
13 5830
3795 4002
111 1771
1082 45
788 2078
22 554
49 6327
1332 1663
538 22
1487 11199
1009 4007
9827 9826
514 45
514 49
514 48
22 544
291 318
2281 49
14465 4966
2167 2158
190 1153
535 1841
526 22
1958 11
22 579
795 382
315 79
535 712
957 2942
11659 8286
34 1197
603 271
315 85
6813 2035
294 165
501 218
41 2422
5243 114
202 11
202 13
5040 306
1523 1154
1297 2624
13 544
958 22
13 541
22 110
22 111
22 117
22 114
94 161
832 26
114 150
1032 13
202 15
1032 11
514 765
443 13
202 22
13 535
45 441
85 131
13 538
746 725
13 4133
3945 1046
1158 13
5487 13
1167 630
22 105
1032 26
2472 49
49 7725
4351 886
202 26
832 10
1032 22
15968 1176
557 13
802 803
13 525
347 1106
13 527
1475 2211
807 49
13 522
772 1474
45 6747
886 271
729 22
3430 26
1019 38
393 261
10 15611
1051 3402
2466 3
2508 3791
202 45
13 514
51 612
13 513
45 463
1158 26
3330 1204
22 126
4206 988
347 3777
1368 988
202 48
94 178
11705 326
401 415
3324 901
13 582
11 1850
1989 1027
911 203
688 641
1700 886
1500 6440
696 49
1204 482
798 297
114 111
10527 1878
11189 26
13 577
1051 4784
22 149
1613 247
3249 13
36 464
544 631
514 792
1613 244
958 49
219 1886
45 430
1523 3791
85 100
677 176
22 170
958 676
3000 2133
48 291
1081 13
1120 1386
22 179
264 393
114 135
1613 278
13 557
202 87
10 19162
10 2093
696 10
500 499
114 149
22 168
10 2089
22 169
85 114
3250 13
1341 194
1167 656
1195 49
10 734
204 126
24008 4676
111 3074
22 190
10 739
5830 3402
1914 370
404 1379
10039 2476
6293 1939
48 278
1858 1862
40 114
295 825
605 525
10 740
635 13
10 746
82 318
413 219
22 189
1894 1986
13 1933
3310 1527
9759 40
390 15
2093 1192
715 257
204 106
1195 26
468 1738
10 710
766 10
169 318
10 715
111 3095
11 1830
11 1833
4685 7940
1404 516
48 254
10 3366
347 1180
10 3367
2717 1338
48 259
22 8179
1155 1602
3793 2535
6102 49
17957 13041
10 721
10 720
10 725
10 727
204 110
13 592
13 599
1195 13
10 728
1195 11
249 189
10 2049
4372 725
6285 4351
10 2045
1487 3442
13 1916
13 1914
5742 2585
484 485
10 774
10 775
10 777
995 10
1587 97
9729 2647
743 4819
1349 220
111 387
10 4674
10 2015
48 235
25281 13
13 1902
13 1908
10 14308
275 22
715 284
10 788
11 105
11 103
111 380
11 101
119 454
93 2326
3940 1964
1154 997
390 51
1375 514
360 544
1591 3389
49 2871
1176 656
40 149
560 641
1032 40
275 13
49 1529
251 49
521 13
111 363
48 210
6087 1602
1032 38
48 214
7243 1675
10 760
1120 278
13920 13921
1171 26
10 4671
3421 514
2049 656
4787 10
10 4667
484 9242
489 739
10 3332
10 4666
238 94
2136 48
105 126
1176 1902
1402 176
3677 149
2477 4249
2167 120
1338 3730
2397 6570
1738 491
10 5965
4718 1002
778 94
592 2720
299 49
299 48
7371 482
1898 13
1908 22
8506 3722
2830 3957
1232 3
1146 3366
3413 278
220 4639
3 1731
10 4645
788 924
179 222
11356 1446
49 1602
434 2128
49 1601
10 677
22 4643
10 676
3097 10578
544 3109
487 397
281 901
420 3097
823 5018
430 525
179 237
10 688
22 4632
21118 2152
10 689
955 1475
3 1711
1886 10
430 516
168 912
2880 7086
2475 1500
19911 1671
10 680
215 1221
3196 49
3184 13
1402 132
1163 1032
4304 2093
261 428
3 1707
4981 4257
188 114
514 1162
299 11
630 544
488 3691
3 5293
680 460
778 45
1487 582
1557 535
3584 1135
778 48
5445 6787
116 513
184 36
319 116
299 15
299 13
541 798
299 22
1850 49
2382 318
48 9329
13 1970
44 49
114 1655
44 45
93 94
48 16928
13 11659
1829 270
2930 1617
16456 27518
3316 297
550 3829
11220 3340
430 559
184 10
1102 514
570 1182
2525 11
7006 4602
1850 45
192 1981
94 204
210 3181
500 500
3331 500
1758 13121
3331 501
886 337
1487 536
94 200
1124 1046
328 82
3815 79
735 4149
22 2035
4071 2593
577 825
2977 2978
1523 2526
988 149
22 3373
15666 318
605 15295
1711 1900
13 28442
1338 1176
2439 566
1711 1902
210 297
4895 278
366 202
14877 2422
3717 1830
212 1471
2701 1640
1982 13
3004 48
41 11455
1602 967
2585 1624
94 219
1894 4245
582 1031
10 8159
3 1792
3 1799
860 149
114 100
299 87
13 506
13 505
113 712
2492 916
3785 4149
82 1382
13 500
582 22
3 1784
22 2090
1526 2344
220 2021
493 491
404 184
10982 1204
1894 4261
8410 15
1750 825
582 38
12118 432
3 1773
1338 1182
171 103
4697 913
860 168
3 1779
3526 656
190 2362
4529 9159
1970 22
278 6310
10 9428
45 393
22 219
93 11
94 268
8051 4884
49 6424
45 385
1293 669
264 434
807 13
3 1750
22 200
3 1753
2341 10
22 204
94 252
5422 11062
484 4351
1689 10
8351 40
13 424
13 4265
4027 4028
22 230
2717 3
13 420
22 237
714 715
3057 3389
36 530
1796 215
6558 79
3798 13
22 222
561 1984
3783 762
13 5579
1177 131
1123 161
22 224
169 291
11153 6859
6558 85
617 3533
1894 4093
459 380
11488 1487
4185 10
1604 13
13 400
22 252
169 278
22 250
22 256
2105 1261
161 114
49 6500
49 95
6444 45
359 1120
49 92
385 3
1478 22
2132 454
916 4889
1932 1195
656 605
1602 957
49 80
13 463
491 116
111 44
2191 18458
1903 49
13 464
22 276
369 151
478 1284
1700 764
1914 297
1313 1262
6859 22
51 510
660 2487
1526 22
474 2002
328 218
13 454
1454 49
1331 677
2105 1231
1774 16116
588 91
1273 535
23 1602
328 210
85 219
1120 326
654 149
264 265
117 5511
22 292
1689 3
11 1751
1939 11
4299 22
995 3
12004 1468
841 184
798 392
1602 924
49 50
4425 22
602 631
13 430
1008 588
13 432
2218 2798
764 695
1262 13
1315 49
98 99
40 233
10 612
686 271
159 22
2830 318
1741 836
10 2178
460 208
887 1173
160 13
560 792
7764 149
3014 1154
11 1702
119 370
1707 1607
13 494
10 2198
10 2191
801 10
8183 659
159 13
811 535
48 385
111 79
7 799
3 12
1315 26
204 220
13 488
1303 22
8142 588
10 2156
10 2157
8207 18206
10 601
10 605
10 607
45 505
10 609
3430 690
114 1502
10 15568
49 1685
40 278
10 653
10 659
3105 9944
3411 2257
1939 79
5494 26
825 11
111 269
781 1570
1964 48
1176 765
4527 194
10 666
10 668
5485 7195
10 669
1417 22
169 244
3 4004
10 2150
588 13
605 2388
6686 149
588 11
526 514
2595 1120
48 3274
48 344
111 259
48 347
49 16429
40 269
50 92
560 762
10 631
10 630
5691 3945
4355 194
825 1711
148 2241
588 26
691 85
1125 3
131 417
10 2118
588 22
2093 2397
1204 501
3 61
1204 500
535 5653
10 640
10 641
123 79
10 643
10 646
1741 94
1770 117
1429 13
2037 286
2903 151
10 2123
841 117
207 11
3 78
1535 1155
3 77
48 328
49 1743
319 284
10 577
111 186
3 80
10 3420
13 10
10 3423
2472 542
48 314
207 26
1599 26
194 303
1798 601
10 588
79 1231
678 22
13 23
15 839
3 1858
5031 1338
1933 9192
10 582
3987 808
10 554
10 555
2815 4226
10 558
10 559
1497 26
514 2303
45 3
256 2680
630 92
3 1841
2717 1176
1161 14975
87 678
6779 278
12148 2782
10 3409
10 566
10 568
325 326
10837 482
10 3413
87 667
10 3416
179 368
3584 3894
10 3412
430 630
220 13
6978 988
10 3419
7672 2686
10 561
10 560
15762 840
23949 1161
4372 13
454 149
244 11
207 61
612 2343
244 13
220 46
535 536
2618 116
298 1589
5142 3099
179 387
3 1817
4328 6015
10 4726
79 100
1599 13
840 825
10 599
50 10
207 117
50 13
3 4078
535 560
1711 4265
3 1802
207 114
79 114
10 592
1338 1008
988 297
10041 116
3412 1984
3 4060
630 643
50 22
102 218
275 725
678 49
50 26
4114 3038
784 10
349 3
2731 114
691 10
207 94
1162 514
1128 40
492 26
535 503
1168 165
602 688
92 1032
49 45
2218 1550
2309 630
860 256
13 97
13 98
49 38
10 11994
13 92
13 90
10005 10
3029 13932
256 49
911 194
1500 1733
482 13820
49 34
268 10
49 30
171 261
1756 391
1339 13
278 3
1602 877
2903 6453
6813 4476
94 105
2035 1330
94 106
1190 13
630 13
910 22
630 11
49 26
49 23
18302 2743
13 15002
111 6806
13 77
13 78
3526 26
2039 13
1514 57
860 2212
2899 15
478 1382
94 103
26 4342
2369 683
760 22
630 22
244 45
1194 555
49 10
1526 40
13 85
13 83
244 49
244 48
487 1602
630 26
1818 26
13 80
293 10
94 126
15 872
2118 1231
1053 3
487 499
601 2655
860 299
642 10
13 55
617 236
10 8239
13 54
592 764
163 505
8011 2394
14244 3556
121 1502
3957 3402
94 125
630 40
166 391
13 28373
1244 10346
13 57
2618 4991
3406 686
322 559
3072 13
8050 1711
3 1894
440 1411
3 1896
840 4889
49 10205
94 110
22 3294
592 792
1598 1603
366 368
220 2168
281 13
13 28
672 2362
12104 3409
544 3264
7196 278
13 34
4658 489
2382 278
3005 485
654 10
26 14465
810 11300
13 16387
22 328
544 455
884 1830
13 7899
45 219
680 1120
746 2731
932 739
2230 1878
1914 22
111 2821
2449 26
715 2167
10 1806
1648 1258
3508 6301
1124 15
4640 1404
1902 45
1086 404
3 8922
5790 151
77 1679
459 278
295 656
18098 244
169 170
26 807
1124 22
10 1811
94 399
3327 117
26 809
45 236
516 114
1467 13
10 4060
12499 2211
11507 21378
496 555
111 1516
5293 11
780 117
3130 3012
1871 298
4256 1572
1696 22
5154 10
988 764
1371 278
1155 149
3793 1078
328 327
20251 1451
10 4044
9159 48
1242 773
36 219
357 825
1902 303
1154 1624
3 1490
82 514
1573 7521
87 5026
10 4048
253 3
525 126
924 1878
577 2705
9159 22
760 77
527 604
26 823
1569 49
6541 1241
3 1487
725 669
367 202
747 94
198 80
609 1241
525 114
1717 344
771 117
488 1607
806 269
760 1310
2044 94
759 1167
510 478
151 6590
477 1533
6840 358
6978 149
1058 10
18713 10340
3793 4940
802 1807
861 503
10 5327
48 3366
10 27895
13 1700
2858 49
4503 871
248 165
11520 22
15 3110
10 27889
2491 488
4268 4093
219 3394
827 111
3945 1205
609 3888
10 4007
13490 924
1711 641
336 1258
1270 192
12908 6364
4426 22
1858 536
26 860
45 1698
284 165
219 2099
9031 482
2089 957
11544 13
836 111
1034 13
3235 8911
4954 783
1824 22
11507 38
678 1599
48 2043
1022 49
328 357
1769 1051
13243 8164
16456 129
110 347
6623 49
3310 9286
13618 582
1270 149
10 7946
3496 10
2158 26
2191 4307
8286 2039
1138 5665
4342 2709
40 1330
728 482
7608 570
3813 13
3366 2477
1836 15
382 1177
1184 1182
4812 367
22 1334
22 1331
3484 10
183 184
668 725
762 114
12750 441
1287 10
861 525
1148 656
2880 1914
219 415
798 432
48 2093
762 100
17928 1911
1287 15
798 443
493 82
87 1527
493 83
15 3187
1241 1711
503 85
686 792
114 1475
87 1419
363 2178
552 10
825 48
2594 149
503 79
1897 474
73 577
298 514
26 1374
825 45
114 1487
1154 712
13 1776
87 766
87 760
26 1368
1605 1154
137 94
2739 359
219 2131
113 87
113 85
113 84
813 48
955 3402
1731 1330
494 6156
328 3785
179 478
261 1497
149 79
208 13
1090 1784
22 1382
3564 149
1948 179
45 1626
22 1368
799 1275
1274 1989
825 22
13 1753
13 1754
149 85
1490 1311
9271 165
3 2801
3366 1090
391 48
2158 13
639 202
827 3
807 25281
4342 192
1275 87
9353 9354
1799 219
725 4526
79 219
677 835
87 1454
2165 318
1086 391
149 13
149 15
20532 73
1738 203
149 10
149 11
592 245
501 500
40 1297
2152 1242
13 1731
8813 26
149 26
13 1738
38 3481
149 22
8245 1270
7725 1618
1032 808
23149 5858
1705 561
26 2653
1046 48
328 1169
10 1784
14917 514
823 824
5416 3038
298 536
13 11890
12294 11815
10 1796
505 1374
10 1798
10 1799
10 1792
13 1711
149 48
149 49
100 1509
149 44
1933 3389
4628 559
4048 48
317 3678
3255 676
245 22
432 87
111 1459
2210 318
1817 916
1134 2323
775 2793
2625 116
15 328
10 1774
1379 6156
459 318
960 116
10 1773
10 1779
2218 482
468 13
430 370
8297 2035
503 22
370 505
198 4089
3005 1313
1217 368
198 1818
630 16875
5837 957
430 363
94 456
503 15
4667 13
503 11
503 13
245 13
317 2358
3704 10477
1878 1371
10 1753
1374 184
11 1292
3 1557
10 1755
11 1296
8778 13
5877 1700
503 49
21301 99
45 131
887 741
1152 291
957 11
957 13
432 45
432 48
6104 20983
432 49
966 2035
166 278
515 22
10 1723
228 514
444 15
957 26
516 100
1516 514
269 26
527 22
957 22
269 22
10 1731
1798 1060
515 13
10 1733
10 1738
270 10
49 4012
2280 303
1989 514
3109 13
272 388
4048 22
675 6422
269 15
269 11
524 2072
400 318
834 15117
10 1700
1352 8351
2093 48
3 2858
10 1707
4385 22
2093 40
4048 13
1341 26
2793 22
159 1124
501 570
886 13
10 1711
198 10
456 10
13 1799
11258 5877
2167 792
4385 13
15 278
45 332
661 15
2386 514
8986 2919
1383 1382
26315 2652
2942 22
1755 725
9906 11
6840 203
741 22
4126 11
2618 1162
3109 26
3132 536
2152 11
673 13
1700 3402
8384 116
94 276
10 1932
94 278
49 10005
1090 13
612 6052
500 3677
565 1875
1994 77
1984 278
525 270
744 3
3958 49
605 234
10 1901
525 276
11 2418
9514 712
45 344
269 40
2475 5791
2708 4288
611 3
269 45
269 48
1841 1750
10343 299
19510 1060
7025 49
806 94
269 49
3501 13
270 36
4126 26
10 1915
3212 13
10 1911
131 282
474 79
15 235
561 1711
1700 4784
744 1022
924 825
7725 8915
347 85
8351 676
2808 117
270 92
4265 22
26 977
7809 500
5393 514
48 3430
48 188
48 189
1186 149
2739 3504
3326 45
1490 1192
739 886
26 5003
2001 30
10871 318
10 4143
10 5473
914 3038
26 936
1053 10
558 13
3796 10
26578 27816
3 1598
2496 604
9906 40
6061 2781
1487 926
40 1487
3158 45
739 825
45 1798
3893 13
580 3783
915 10
11356 19810
48 150
26 2867
26 1535
48 156
48 2151
744 161
527 514
52 26640
3307 2731
1211 500
570 2013
1705 2469
101 49
1182 18586
2259 1086
48 149
150 12176
13 1818
79 270
26 988
13 4089
474 13
3278 768
2429 5638
2627 725
1758 570
48 131
48 133
10 5422
12221 1384
1490 2475
1932 1346
9993 725
87 958
36 393
860 1932
739 3184
10 4112
1154 690
3893 26
609 2415
725 514
10 4103
462 49
6481 656
48 129
4684 1632
2152 2727
165 4602
1346 13
48 111
48 113
510 13
892 13
125 45
2414 792
957 1154
636 26
1219 13
437 49
15 3030
509 13
10 6750
2533 49
3 6423
2830 1829
48 100
7238 4897
1077 13
1077 10
637 3
3158 22
28676 1339
49 1886
22 1211
3014 2212
10 6715
328 2533
2274 3
2223 2224
3029 90
13 4028
582 1878
2830 1841
413 40
1753 326
413 48
413 49
430 1229
1554 192
3679 3906
1106 26
1106 22
1700 169
219 512
2467 10
882 397
10 13083
4820 1344
6576 49
940 49
1024 3
3413 1027
13 1894
1106 10
1310 91
3 1618
1738 358
940 45
22 1231
3691 20835
291 3389
123 2106
1382 559
22 1258
27050 13
437 38
26 1487
593 2431
6893 6887
3 1603
10 10848
3 1602
592 1774
215 1332
22 1261
2576 798
49 1955
1753 317
110 111
1471 5345
22 1247
4060 1807
1486 6981
92 79
9583 9578
5395 2644
1051 318
11485 13
467 762
214 215
3709 236
4463 22
168 604
430 468
1334 14
10271 13
49 1937
1494 370
219 2021
111 1360
1186 1640
147 988
16928 1914
2717 2697
92 95
92 93
92 96
3394 10
2152 1338
26 2770
1106 48
1106 49
256 3733
87 870
744 265
1817 3930
964 49
1118 13
413 30
111 1382
2248 318
190 2093
1379 2731
13 1836
87 869
79 13
602 443
871 6976
79 15
51 1502
487 696
5639 1570
1086 230
111 2669
45 292
79 22
267 3
1167 26
807 1310
764 516
2248 1711
4674 22
3734 1286
1179 10
10 1896
2587 3389
10 1894
1051 341
79 10
198 1966
79 11
2152 870
15 210
94 349
15 218
10 1862
11 1160
94 3326
111 1355
1106 87
1332 1209
79 40
51 344
79 45
10 1869
61 1983
48 8382
602 432
79 26
1739 10
1015 210
15 228
1244 90
9999 432
7076 3828
2877 13
94 332
303 297
234 505
841 804
21137 432
1204 4718
3934 13
396 26
831 13
3963 4349
471 2211
1340 1341
516 219
1654 49
1696 391
94 364
14626 14627
5265 482
79 49
659 656
79 48
1281 10
11 1104
6804 468
3 1652
2212 48
92 12
478 3750
111 2618
849 22247
1152 169
92 11
2654 22
953 2346
45 276
237 3430
80 166
2123 656
494 149
11 1121
45 273
1602 664
1715 22
45 265
563 2847
1902 22
536 514
3208 3875
10 1836
347 3307
4149 22
13 8986
5096 360
2037 1051
3683 38
202 114
4149 13
28044 15629
49 4228
5898 712
338 2881
271 22
271 26
3 1295
811 812
85 87
619 430
49 901
113 370
1516 202
18281 3945
1602 12551
271 11
271 13
3 1280
3121 1077
3402 1215
3430 1911
3576 114
91 15267
220 179
9175 676
298 299
151 400
3858 3097
3 1273
397 22
2961 1711
3838 3829
3 1278
218 1187
202 126
27304 515
165 727
220 161
113 318
500 3731
8159 326
119 1106
26 605
13 100
3 2592
8159 23814
3 2596
1154 588
840 3945
92 116
2394 13
22 8597
1339 3
463 77
3899 3900
1296 117
1009 284
1602 1950
1241 6412
100 30
739 3038
605 165
26 609
3524 13
3293 886
245 1204
955 7116
92 123
1933 677
828 5416
48 92
98 1338
122 3
3 1244
1486 1896
4849 13
10 4257
49 9098
43 21418
2266 117
500 2429
2494 1711
11 1405
605 149
48 80
113 347
271 45
641 1810
271 49
2078 3207
348 26
332 279
1752 13
103 930
609 1490
100 10
1154 1830
100 11
111 1700
926 13
1341 1009
926 11
13 149
298 247
10 4242
85 15
10 5574
184 3
13 148
1360 3478
136 26
348 13
5749 2593
590 10
609 11871
13 133
13 132
13 131
80 1738
6887 194
13 134
218 1120
10 5576
454 1383
87 1702
218 1124
810 4048
79 393
256 2167
228 250
85 30
800 10
23122 102
710 13
13 123
1083 1280
454 1375
85 40
2071 1911
454 1371
10 24166
92 179
2135 630
26 617
577 392
3829 13702
97 11
4079 656
4789 1313
204 597
13 111
6878 120
85 26
219 220
26 630
85 22
13 113
2218 11
92 183
725 877
26 2957
463 13
11462 22722
1648 808
13 188
45 1479
13 186
505 3
93 1488
48 3
13 189
10 5525
1375 988
963 13
123 2044
85 49
82 1711
13 6356
13 176
85 45
1088 10
85 48
1120 1798
3290 3
602 12210
500 1161
10 4206
1204 871
26 1602
219 204
2222 370
13 166
13 163
725 4820
13 168
300 26
8101 278
9716 1630
719 712
3751 303
9825 315
100 87
269 219
824 13
1368 1958
677 588
136 13
2369 13
13 159
500 1182
100 94
1723 1338
344 1270
13 151
13 150
347 2089
381 5179
10 210
4748 3012
10 212
94 603
631 45
147 677
10 218
1817 762
11 8965
7257 688
13 2883
13 2876
499 500
3 123
1221 13
36 11
2243 5269
1335 22
10 228
10 227
10 229
2706 49
237 247
22 7
3332 1338
22 3
22 1137
303 151
1221 40
12 13
114 1211
116 100
3 109
13 1526
391 297
22 1124
3000 85
10 202
94 612
2093 542
10 203
10 206
10 205
414 49
94 619
488 192
12 26
1817 773
6813 468
3 116
3943 3533
284 303
278 273
963 48
1311 40
1830 10
10 257
10 256
10 12087
278 270
1829 22
1829 26
10 9057
13 1500
3957 9225
391 271
1257 22
13 1502
3358 941
22 1161
505 1106
22 1160
328 3564
256 920
430 103
22 1163
94 642
1311 13
10 268
680 22
775 16254
10 269
936 207
3169 16176
1829 11
3837 114
298 318
26 1570
12 11
1257 13
218 2414
1758 501
22 1154
270 2068
10 9031
1335 413
303 111
659 963
10 236
61 26
322 841
514 4645
2594 318
446 1106
11917 318
237 297
261 1296
22 1182
256 901
10 230
10 244
606 10
94 654
10 245
61 38
783 45
588 3533
26 2884
924 3038
1817 13
10 242
94 2169
728 743
10 298
1303 165
1866 13
1155 2487
2739 2278
988 4333
3 1346
10 291
10 295
10 294
94 684
358 303
430 1516
2051 22
1409 432
2279 49
6972 1182
1270 48
3 1331
3 1333
601 1632
1186 582
6418 6961
3 1334
16457 6780
3 1338
1154 49
1155 1153
278 219
220 221
1948 1002
40 14756
6405 149
3 192
10 278
1195 474
103 22413
1152 1793
48 55
3 2651
2038 40
10 1984
2810 2008
116 184
8724 5576
10 1981
3 189
2280 26
10 271
278 208
10 272
430 123
268 3
10 1989
363 10307
5848 1280
49 836
3 1310
10 1994
38 432
270 111
10 281
151 491
3 171
36 49
2746 1738
1933 2250
8159 21119
15 514
49 827
1154 11
325 1369
1154 13
13 1587
2689 10
3 166
901 318
3 169
3 168
38 464
1535 2830
10 1967
361 48
1894 16932
361 49
3048 22
3 182
1504 3
631 13
15 527
6685 2476
12 94
1602 550
10476 12051
10 1971
3 3957
116 117
3 179
15 19968
385 26
3 150
2135 10915
1674 1675
1270 11
13 1570
1270 13
15 538
1796 464
11 1478
48 10
3 149
3 148
13 2899
25471 2257
49 4244
85 505
19228 318
438 234
3048 40
1270 22
474 188
1270 26
10 1950
1154 22
116 132
1154 26
3 3934
2038 13
8933 10
3 155
2472 831
385 10
3 151
488 149
3 154
134 5602
441 646
94 3509
2274 646
1205 3
464 1532
49 11106
741 114
362 4060
12504 2942
544 957
1163 291
539 114
192 15
1162 3086
393 3310
2230 1506
1774 1231
420 22
49 6994
45 113
45 111
1155 1334
432 22
432 26
1347 114
1626 1627
1510 94
488 3945
24166 940
759 1008
11 2656
936 1229
1700 3618
432 13
988 643
165 605
150 3109
123 9402
165 609
3937 514
6300 6064
26 725
203 22
9323 22
3 1383
148 1330
13 7725
750 111
488 218
111 2903
10593 1090
7663 712
54 49
1864 19228
13 7721
2118 2035
113 202
1546 94
48 2343
215 13
36 105
6412 22
500 1204
1332 474
167 22
435 430
12934 278
2739 3748
500 1211
10 4385
3 2693
609 2686
6412 40
760 3628
48 2369
3 1368
155 48
311 500
10 3048
740 739
215 22
4044 4045
26 712
957 1332
30 434
110 3
117 2009
609 924
4060 23547
501 15666
10 3057
1784 825
510 350
10192 2037
328 672
849 712
78 22
3399 48
80 2941
1700 318
11035 15261
26 760
806 3212
240 15
4726 482
538 725
26 774
192 98
812 363
1487 1158
542 491
26 772
10 4372
393 2069
10 4369
10 3038
48 1051
49 3
203 87
26 746
219 332
10 3012
2388 87
48 1088
1590 3402
10 3005
3416 13
1779 1154
7230 15
10 4351
1030 503
2274 10
215 79
10 5676
10 3014
73 870
1174 1177
1163 234
2959 114
192 45
677 673
269 100
5823 10
1032 988
1474 45
783 94
1555 3424
391 11
10 4312
391 13
882 514
26 1731
1774 1261
4247 6960
5213 299
269 117
269 3496
1485 2153
1486 22
2477 3249
1698 3
269 114
10 6993
18868 459
264 10
113 284
1733 13
1510 2218
1160 1829
391 22
264 15
148 149
192 22
963 100
252 10
22 3631
1685 3
527 3307
113 299
1510 49
30 49
1474 22
19008 840
256 2248
3097 911
508 7007
648 434
1163 271
10 6972
22 3627
198 3
16461 1295
26 1707
276 45
325 799
966 7010
278 184
3 249
865 114
3 244
1602 487
261 103
3 242
1529 3
276 34
10 103
640 358
3814 26
1329 192
13 1652
8489 2123
10 5610
210 808
516 22
3 256
3 2708
10 5618
22 1012
3547 3126
2553 400
3339 114
13 2982
861 49
3 229
328 1007
2019 48
278 165
3 224
1602 468
804 3
2867 230
2948 13
45 1502
13 2964
2506 1221
11309 22
516 48
516 49
3 238
3 233
1782 79
1032 1330
516 45
276 10
1570 1758
3 230
420 900
2585 491
1829 1830
2948 49
1490 19661
1197 22
2388 13
220 6907
269 184
485 486
2961 22
1008 1083
15117 4048
1449 15
455 5720
1491 5977
10 130
1382 370
278 149
22 2358
1384 13
465 184
10 149
2345 1334
1197 13
7007 1203
3 218
677 725
5226 49
1624 13
2167 1902
3 210
527 397
218 2535
38 2038
582 5138
10 116
10 119
45 1537
195 117
4656 49
499 3677
171 3
3307 90
932 18068
2000 303
13 1602
739 1981
471 291
430 202
278 129
10 123
2007 26
10 129
872 1221
2647 1733
3278 10
328 2369
38 513
4060 91
2961 967
278 117
10 120
1981 13
10 179
11459 2167
2514 40
995 111
80 388
9209 149
1186 455
131 13
278 100
131 10
18868 3457
1186 459
1689 685
430 269
22 1087
317 278
1968 45
10 189
15 442
15 441
1981 26
1027 87
1372 45
131 22
49 985
880 2615
22 1072
10 183
683 841
94 2265
10 186
10 156
156 657
10 155
7383 3229
10 158
1384 26
936 1299
5019 823
10 159
759 3714
4072 15
1384 22
329 48
887 848
195 165
3 1446
49 3076
430 244
10 151
10 154
10 166
1413 45
3 1430
16246 8900
887 853
4449 957
186 271
312 2731
179 760
4457 22
2167 630
1624 1330
3 291
3850 3391
14756 853
48 3721
49 956
314 1711
1027 26
202 276
11 1340
1182 1204
3 288
19185 3391
156 604
1027 45
114 2496
1770 38
13 1696
2153 22
2476 116
94 590
2912 26
3 298
12151 886
94 597
1869 4091
149 3
686 656
114 1137
988 690
1773 404
516 13
516 15
10 190
10 192
516 11
317 13
10 195
218 17575
345 4527
49 3038
15 420
1752 792
10039 8051
1195 388
1027 22
49 915
3875 15
1869 1829
154 1106
6750 988
1368 6726
13 1674
165 2191
48 3730
1027 15
186 231
1646 211
10504 13
430 278
3 279
2178 2939
3 278
