
4970
4971
4969
3639
2304
2303
2302
2301
2300
3630
3631
3632
3633
2309
4966
3637
4968
4981
3651
2320
3649
2315
3
2313
2311
7
2310
8
4972
9
4974
3644
4975
3646
3648
4990
18593
4991
3661
4992
3662
4993
2331
1000
2326
2323
4983
3652
3670
3673
1011
1010
2341
1008
1007
2336
2334
1002
1001
3664
4995
3665
4998
3668
4999
3669
1009
3680
3681
3682
3683
1022
2353
1021
2352
2350
20899
1019
1018
2349
2348
1017
1016
2346
1015
2345
1014
2344
1013
2343
1012
3675
3677
3678
3679
17255
18587
3691
3694
1033
2364
1032
2363
2362
1031
1030
2361
1029
1028
2359
1027
2358
1026
2357
1025
1024
2355
1023
2354
3685
3689
20874
18552
1044
1043
20876
2369
2368
2367
1035
1034
2365
3699
17226
18566
19892
18561
18562
1055
2386
1054
2385
1053
2384
1052
2383
1051
2382
1050
2381
2380
1049
2379
1048
2378
1047
1046
2377
2376
2397
1064
2394
1063
1062
2392
1061
1060
11107
1059
2389
1058
2388
1057
1056
2387
11100
13762
11106
11105
13771
1077
1076
1075
1073
1072
1070
1069
1068
2399
2398
1067
12441
13773
11112
11117
1080
9800
1088
1087
1086
1085
1084
1083
1082
1081
1079
1078
1091
1090
24408
1097
1096
1095
1094
1093
1092
13759
1089
12421
12420
9807
9805
12423
9821
13723
9816
8500
200
13736
201
202
203
204
205
206
9825
207
9826
208
209
9827
9843
9841
8510
9842
210
211
13703
212
213
214
215
216
217
218
8506
219
8503
13702
8508
8523
8521
9853
220
221
222
224
227
228
9847
229
9845
8515
9846
8519
8531
9865
11062
8535
7204
8532
24378
230
231
232
233
234
235
236
237
238
12399
11067
239
9857
8529
9872
8541
8542
7210
11073
11076
11075
8544
23057
240
241
242
243
244
23050
245
246
247
248
24386
249
7205
8536
7209
8552
7222
7221
7224
11041
9888
11043
9886
250
251
252
253
254
255
256
257
258
259
11045
7216
7230
9892
9897
260
9890
261
8560
23039
9891
262
263
264
265
266
24360
267
268
269
11055
7229
11057
7241
7243
7246
8579
7248
7247
11020
270
271
272
8571
273
274
275
276
277
278
279
7238
11029
11028
12358
8585
7257
12363
7259
11031
280
281
24345
282
24348
283
284
286
287
288
289
13698
12364
11035
8596
8597
7263
7267
7269
8599
290
26975
291
292
24312
293
294
295
7262
8590
26976
296
297
298
299
11002
11005
13667
7275
7274
7276
7279
7278
13670
25657
13675
13673
11014
11016
12349
12347
7284
7283
18535
18538
7297
20863
18543
17213
7299
18544
7298
19870
7292
17219
19878
18549
19840
19849
18516
19852
19853
20849
3704
3705
3707
3708
3709
20839
3701
3702
3703
20816
20811
3716
3717
20807
3710
3711
3712
3713
3714
3727
3728
3729
3721
3722
11085
2405
2404
2403
2402
2401
3730
11088
3731
3732
3733
3734
3735
2406
19810
11095
3750
3748
3749
2415
2414
19816
11099
2419
2418
2417
16075
2430
2427
2426
2425
2424
2423
2422
13809
2421
13806
2420
3751
3752
3753
3754
3755
3757
2429
3758
2428
2441
2440
2438
1107
13815
1106
28067
1105
2436
2435
1104
2434
13819
1103
2433
1102
2432
1101
2431
3765
3766
2439
3769
3781
3782
3783
1121
2452
1120
2451
17382
2449
1118
1117
2447
1116
2446
2445
2444
3777
3778
3779
1119
3791
3792
3793
1132
1131
1130
2460
28044
1128
1127
2458
2457
1126
1125
2456
1124
2455
1123
2454
1122
3785
18696
16034
1143
2474
1142
2473
2472
1140
2470
1139
2469
1138
1137
1136
2467
2466
1135
1134
2465
1133
3795
3796
3797
3798
16048
16046
1154
1153
1152
1148
2478
1147
2477
1146
2476
2475
1144
16011
2496
2495
1164
2494
1163
1162
2493
1161
2492
1160
2491
2490
1159
1158
2489
1157
2488
2487
1156
1155
16018
16024
1176
1175
1174
1173
1171
1169
1168
2499
1167
1166
2497
1187
1186
1184
1183
1182
1181
1180
1179
1178
1177
11220
12551
12552
1190
13891
12561
1197
1196
1195
1194
1193
1192
1189
1188
11231
13893
9906
9907
25842
24511
12539
11209
9913
11203
9918
300
11219
301
303
304
305
306
307
9923
11214
11216
9927
9943
9941
25822
311
312
313
314
315
316
317
318
319
12511
9950
8622
9951
24504
320
321
322
323
324
325
326
327
12520
328
12521
329
9944
12523
25804
7301
9965
330
331
13827
332
333
335
336
28079
337
338
8626
339
8625
13820
13821
9972
25814
7312
340
341
12506
13837
342
343
12504
13835
344
12505
13836
345
346
347
348
349
7305
7304
8635
8636
12502
7308
28085
8639
12500
7323
8655
9986
8656
9984
9985
23166
350
351
352
353
354
356
357
358
359
11189
19902
10
11
9993
8662
7330
12
13
6000
14
7331
15
7334
9997
16
6002
7333
17
7336
6004
18
360
361
362
363
364
365
366
367
368
369
11199
7326
19911
19912
22
7341
8673
23
24
11160
8671
8672
26
7345
27
28
11164
7347
29
7346
6015
23147
370
8670
379
12499
11165
11168
30
11169
32
33
34
6020
8685
35
11171
8682
6023
36
8683
38
6024
39
380
381
382
8681
383
384
385
386
387
388
389
7348
40
41
42
43
44
6032
45
6031
46
7365
6034
47
6033
48
8699
12472
49
6035
7366
6038
12470
7368
6037
23122
25785
390
391
392
393
394
395
396
397
398
399
11146
12474
50
51
52
53
54
11149
55
56
6042
7373
57
6044
58
59
7378
11153
7379
11152
6041
7372
6040
7371
60
61
62
63
67
6055
25765
6050
6052
7383
6051
7382
11129
11122
12455
70
13786
73
12459
77
6065
78
6064
79
12461
11130
6061
6063
6062
80
13796
81
82
83
13795
84
85
86
11139
87
6076
88
89
18653
6077
18655
6070
20979
6072
6071
90
91
92
93
94
95
96
97
98
99
6087
6086
20983
6089
19990
20987
6084
3803
3805
16006
3801
3802
6090
6094
6095
3814
3815
3816
3817
3818
3810
3811
19968
3813
18637
17313
3827
3828
3829
3820
3837
3838
2501
2500
3830
2509
2508
3832
2507
3833
2506
3834
2505
18615
18620
18622
20945
2515
2514
3848
2513
3849
2511
2510
3840
2519
2518
2517
3845
2516
3846
3860
3858
2526
2525
2523
2522
2521
2520
3850
3851
2529
2528
2527
18600
3870
3871
3869
1206
1205
2536
1204
2535
2534
1203
2533
1202
2531
2530
3861
3863
3865
1209
1208
2539
3868
1207
18604
3880
3881
3882
2551
1220
16193
1217
2548
2547
1216
1215
2546
2545
1214
1213
1212
1211
2541
3873
3875
13921
3876
1219
3878
1218
2549
3879
25918
3891
3892
3893
1231
2561
1230
2560
2559
1228
1227
2558
2557
1226
1225
1224
1223
2554
2553
1222
1221
13932
3887
3888
3889
1229
12600
16176
16175
16178
1242
1241
1234
1233
1232
3894
3896
3898
3899
1253
2584
1252
2582
1251
2581
1250
16183
2580
1249
1248
13912
1247
1246
1245
2576
1244
2575
1243
2574
17485
2595
2594
1262
28138
2593
1261
2592
1260
1259
1258
2588
1257
2587
1256
1255
2586
2585
1254
16169
1275
1274
1273
1270
2599
2598
2596
18797
17463
1286
1285
1284
1283
1282
1281
1280
1279
1278
1277
1276
18799
16140
16144
1297
1296
1295
1293
1292
1291
1288
1287
10018
1299
10010
11343
10017
12676
10016
23339
10020
400
401
402
403
404
405
12683
406
407
408
11357
11356
8710
24636
411
412
413
414
415
416
417
11322
418
8702
419
11339
10008
11338
420
422
424
425
426
427
12664
428
10002
8712
10001
8719
12668
11337
10005
7400
8730
11306
430
431
432
13968
433
434
11309
435
436
437
438
8723
11300
439
8724
8729
13965
11304
25958
24628
7410
440
441
442
13978
443
444
445
446
447
11311
11310
7408
12645
11312
12646
13974
8751
7420
7422
12616
452
12614
453
454
455
456
457
458
459
28190
7417
8746
7419
7431
6100
6102
7433
8765
6101
8766
6104
6103
7434
460
461
462
463
464
13956
465
466
467
468
7426
12620
7427
13954
8770
6110
8771
8776
6115
8774
23289
470
471
472
473
474
475
476
477
478
8769
6108
7439
6107
8768
6109
7451
6120
7453
6122
7454
6123
482
484
485
486
487
23293
488
489
6117
6116
8778
8779
6131
7461
8795
7464
6132
7466
8796
8797
6136
490
491
492
493
494
495
496
497
498
24590
499
11287
11286
8789
11289
6142
6144
11291
6143
6148
23272
6139
11299
6153
7484
6152
6155
7486
6154
12594
6156
7487
12592
7480
6151
6164
6163
11270
6166
6165
11273
6169
7490
6162
6174
6173
6172
6187
11252
3906
3907
11258
3900
6191
6195
6194
3913
3914
3915
16116
3910
3911
3912
16124
3924
3925
3927
3929
2602
3936
3937
2601
2600
3939
3930
3931
18755
3932
3934
17431
17430
2614
2612
2611
3949
2610
3940
2619
2618
2617
3943
2616
3944
3945
2615
2625
3957
2624
3958
2623
2622
3950
3951
3952
3953
2628
2627
3955
2626
3956
18740
3970
1305
2636
1304
2635
3969
1303
2634
2633
2632
1301
1300
2631
2630
3963
1309
3964
1308
3966
1306
3967
2637
2647
1316
1315
2646
2645
1314
1313
2644
2643
1311
2642
1310
3971
3973
2649
18713
1317
2648
3990
3991
3992
1330
2661
2660
2657
2656
2655
2654
2653
2652
2651
3982
3986
3987
3988
1329
3989
1341
1340
1338
2669
1337
2668
2667
1336
1335
1334
2665
1333
2664
1332
2663
1331
2662
3993
3994
3999
1339
24708
1352
1351
2681
2680
1349
2679
1348
1347
2678
1346
2677
1345
1344
1343
1342
12729
12722
12723
12721
16296
1363
2694
1362
2693
1361
2692
1360
2691
2690
1359
1358
2689
2688
1357
1356
2687
2686
1355
2685
1354
2684
1353
1374
1373
1372
1371
1370
1369
1368
2698
2697
2696
2695
1385
1384
1383
1382
1381
1380
1379
1378
1377
1375
1392
1391
1390
1389
1388
1387
1386
17587
17582
16255
16254
1399
28242
500
501
28244
502
503
504
505
506
507
508
509
22119
12792
11461
8808
8809
510
511
512
513
514
515
11462
516
517
519
12797
10137
8805
8820
8819
520
521
522
523
524
525
8813
526
527
8811
528
529
8815
11479
8831
8832
24750
530
531
534
535
536
537
538
10112
539
10116
10115
8827
11446
11450
7512
10128
11459
540
541
542
544
545
547
548
12782
549
12783
7504
11455
7506
10127
8838
8850
7521
8853
7523
8851
7522
8852
24735
550
551
552
11429
553
554
555
556
557
558
7514
8846
559
12750
12755
12756
12754
8849
7532
6200
7531
6203
8863
560
561
562
563
564
565
566
567
568
8857
7524
11432
7529
6210
7541
570
577
579
8868
6207
7537
12733
6209
7550
6223
7553
6225
580
582
583
12748
584
585
586
587
588
589
7547
6215
7546
7549
8877
6218
7548
6219
12745
12742
7561
7563
8892
7565
7564
7567
8895
10096
590
591
592
593
594
595
596
597
598
599
7558
7557
7559
18811
7571
6240
7573
7570
7569
6238
7568
6239
7583
6254
10071
6256
7587
10073
6255
7589
6258
7588
6250
7580
10077
10078
6262
7596
10084
22066
22067
6259
10087
18801
11382
11381
10053
22035
24694
10055
11386
10056
11387
10058
6285
6289
10064
6281
10066
11396
10065
11398
10069
6290
6293
12697
11365
10039
11373
10041
22025
10044
11375
11374
11379
2702
2701
2709
2708
2707
2706
2705
2704
17575
17571
17573
2719
2718
16247
2717
2716
2724
2723
2722
2721
2720
2729
2728
2727
2726
2725
17548
1404
1403
1402
2733
1401
2732
2731
1400
2730
16226
1409
2739
1408
1407
1406
1405
2746
1415
2745
1414
1413
2744
2743
1411
2742
1410
1419
18855
1417
2748
2747
1416
2760
2757
1426
1425
2756
2755
1424
1423
1422
1421
2752
1420
2751
1429
16209
2759
1428
2758
18868
2771
1440
2770
2768
1436
1434
1433
1432
2763
2762
1430
2769
2782
1451
2781
1450
2780
2779
1448
1446
2776
1445
2775
1444
2774
2773
17517
17513
18845
1449
2793
1462
1461
1460
2791
2790
1459
2789
1458
11503
1457
11506
1456
12835
2786
2785
1454
11507
1453
1452
27083
11502
1473
1471
1470
12847
1468
1467
2798
1466
2797
11519
2796
1465
1464
2795
2794
1479
12813
1478
1477
1475
1474
1495
1494
1493
1492
1491
1490
12826
1489
1488
1487
1486
1485
15068
28372
28373
1499
1498
1497
1496
15074
15078
15070
12804
600
601
12806
602
603
604
605
606
27050
607
608
609
15040
610
611
612
614
8902
615
616
8900
15048
617
618
619
8903
8904
15051
8920
16387
15056
16386
620
621
8911
8916
8915
630
631
632
634
635
636
637
8922
10254
638
639
11587
11589
10258
7611
8940
7610
22247
640
641
642
643
644
22241
23572
646
647
648
7604
8933
7603
10265
649
7606
8939
7608
10269
12891
24876
23547
650
651
653
654
655
656
7613
657
10231
11562
7612
659
10233
12893
10234
12896
7619
7618
8960
6300
6302
7633
11571
6301
7632
24886
660
661
662
663
664
665
666
667
668
7624
669
8954
7626
10243
7625
10246
7627
10245
8958
10247
8959
23528
7642
8974
6310
8975
7644
8973
670
671
672
673
674
675
676
677
678
679
7635
7634
7637
10211
8965
11542
6306
6305
8966
10213
7639
11544
10212
7638
6320
7653
8986
7655
7654
680
681
682
683
10227
684
685
686
687
688
689
8978
11551
8979
7645
10222
6317
10221
11555
6318
12885
8990
23506
8991
5000
7664
7663
7666
5003
690
691
692
12858
11525
695
696
12850
11520
6327
24846
7670
7673
7672
5013
7676
5015
10206
10205
10208
10207
10209
6337
5005
6339
11531
11530
11532
10204
6351
6350
7681
6353
6352
5023
6355
5024
7687
5026
6356
5016
18936
5018
5019
18938
18933
5031
5032
6364
6363
5034
5035
6368
5037
6360
5029
17612
6373
10190
10192
5043
6375
10191
5044
6374
6377
5046
5047
6379
5040
22171
18917
10198
5039
6369
5052
5054
6385
5056
5058
6380
5050
5051
5049
5063
6395
5064
6394
6397
5066
5068
23486
6391
6393
22152
5074
5075
10180
10183
10182
5071
5073
18906
22161
18907
5085
5086
11483
10151
5080
5081
5082
5083
5084
2801
11485
2808
11488
5096
5097
10161
5091
5092
5093
2812
2811
2810
2819
10166
2816
2815
2814
17687
15025
17681
2823
2821
2820
2829
2828
2827
2826
2825
17690
1503
1502
1501
2832
1500
2831
2830
28345
1509
16368
1508
1507
1506
2837
1505
2836
2835
1504
15002
17661
1514
1513
1512
1511
1510
15004
2849
2848
1516
2847
1515
16339
28327
1525
2856
1524
1523
2854
2853
1522
2852
1521
2851
2850
1529
1528
2859
1527
2858
17679
1526
2857
2870
2867
1535
2866
1534
2865
1533
2864
2863
1532
1531
2861
16313
2869
1537
2868
17647
17651
1550
2881
2880
2877
1546
2876
2875
2874
2873
2872
2871
1540
1549
2879
1557
1555
1554
2885
2884
2883
2882
1572
1571
1570
1569
2899
1568
2898
1567
2896
2895
2894
2893
16308
18966
24931
23601
24932
11625
1579
11624
12958
1578
1577
11626
11629
1576
11628
1574
12959
1573
11623
1594
1593
1592
1591
1590
10307
1589
1587
12961
11631
24913
24912
12936
1599
12934
1598
1597
1596
1595
11614
11613
12944
27191
27192
709
15183
12908
12909
710
711
712
713
714
715
716
28491
717
718
719
15195
15192
12925
720
721
722
723
724
725
726
727
27171
728
729
15164
15165
730
731
732
733
734
735
736
737
738
739
7710
15176
740
12901
741
742
743
744
745
746
747
748
7705
7721
23683
7719
750
751
752
23680
759
7716
10377
7717
10380
760
761
762
764
765
766
767
10385
768
7722
769
7725
10389
7728
7741
6412
7742
6411
11680
24993
770
771
772
773
774
775
776
777
778
779
7733
6405
6404
6406
11689
21013
7751
6423
11692
6422
10360
22346
780
781
782
783
784
785
786
787
788
789
6414
6413
6416
11696
6415
6418
10366
6417
6419
7764
5103
792
793
794
796
798
799
6424
11660
6427
12998
6428
6440
5111
5112
5113
6444
22322
22323
23657
11672
6436
6435
7766
10340
10343
5107
5108
5109
10344
10346
7781
23627
6452
6451
24958
6453
5123
6455
12979
10316
11647
10315
10319
7778
6447
5117
11640
5118
10312
10313
7791
5131
5134
5135
6467
5136
23633
7790
24966
23635
10327
10326
11659
10328
11650
10320
10322
10325
5140
5141
5142
5143
6475
5146
6477
5138
17722
6482
5154
5155
5156
6481
6480
5148
16404
6479
17733
5162
6494
6493
6496
6495
5165
6498
5166
6497
5168
6499
5169
22299
5160
5161
5177
5178
5179
5170
5171
5172
5184
5185
5186
5188
10293
10294
5183
2900
2908
2907
10299
2903
2901
5195
5196
5197
5199
5190
2911
2910
2919
2918
2917
2912
10271
2922
2921
22251
2929
2927
2923
10280
10283
1602
1601
1600
2931
2930
10286
1609
2939
1608
1607
2938
1606
2936
1605
1604
1603
1613
2944
1612
2943
2942
1611
2941
1610
15149
1619
1618
2948
1617
2947
1616
1615
1614
1624
1623
1622
1620
1629
2959
1627
1626
2957
1625
15120
17785
2966
2965
2964
1632
1631
2962
2961
1630
2960
16457
16456
2969
2968
2967
16461
16463
2980
1646
2977
1645
1644
1642
2972
1641
1640
28442
2971
2970
15139
17799
1648
2979
1647
2978
16433
16431
15100
16430
1660
2991
2988
1657
1656
2987
2986
1655
1654
2984
1652
2982
1651
2981
15109
1659
1658
1671
2999
1664
1663
28423
15117
16448
16447
1682
1680
1679
1678
1677
1676
1675
1674
1689
1688
1686
1685
16429
1699
1698
1697
1696
11740
11741
10410
10426
800
801
802
11750
803
804
805
806
11755
10424
807
808
809
11723
11725
810
11729
811
812
813
11720
23719
11734
11737
10407
823
824
825
826
10400
11731
827
828
829
10401
11701
11705
830
831
832
833
834
835
836
838
839
7809
840
11717
841
842
843
846
7801
848
849
27291
15286
851
852
853
854
855
7811
856
857
15295
6500
7831
860
861
862
863
864
865
866
7822
867
868
869
21148
7840
7841
10492
870
871
872
873
874
875
876
877
878
6501
6504
879
10499
6505
10498
6522
6521
22487
880
881
882
883
884
885
886
887
888
7844
6513
889
7849
21127
22459
7860
21124
5200
21122
7864
7863
10470
5202
22453
890
892
893
894
895
896
898
899
7857
10477
10476
10479
21137
21136
7873
6541
5212
10482
10481
5213
22461
5205
7867
5208
5220
7884
6552
7883
5222
5223
23767
11789
5214
5215
7878
10455
11785
10457
11788
11787
6562
5231
21112
5232
6563
5233
10460
6566
5234
7896
21119
21118
6557
5225
10461
5226
5227
6559
11795
6558
5228
10467
6570
5240
6572
5243
5244
6577
6576
22413
10438
7899
11760
5237
6582
6581
5252
5253
5255
10440
6578
10444
11777
6593
5262
6592
5263
5264
6597
5265
6596
5267
6599
5268
6591
6590
5258
17842
17850
5274
17851
5275
5276
5269
5283
5285
5288
5289
5282
17822
5292
5293
17839
17836
17838
22398
17806
21063
1701
1700
1709
1708
1707
17816
1706
1705
1704
1702
1712
1711
10396
1719
1717
10397
1715
1714
1713
1723
1720
1728
15260
15267
1733
1732
1731
1730
27244
1739
1738
1737
1736
1735
15273
15272
1745
1744
1743
27250
1742
1741
1740
16572
1756
1755
1754
1753
1752
1751
1750
1759
1758
16586
15253
1770
1760
1769
1781
1780
1778
1776
1775
1774
1773
1772
1771
15227
1779
17894
1792
1786
1785
1784
1782
16531
1799
1798
1797
1796
1795
1794
1793
17864
16538
15206
17872
17870
28529
900
901
15214
902
904
10535
11869
10538
10539
910
911
912
913
914
915
11862
916
917
918
919
10548
920
11870
922
923
924
10540
11871
926
927
928
929
26099
930
10519
931
932
933
934
935
936
937
10512
939
23832
10527
7908
940
941
942
943
944
10520
7905
7919
950
952
953
955
956
957
958
959
7913
7916
23814
10503
10504
960
961
11838
10506
962
963
964
966
7920
967
7922
969
7925
10500
6610
7940
11801
7939
970
972
11805
973
974
975
976
977
6600
6602
6605
7935
7937
6621
7952
14082
982
11813
983
11815
985
986
987
988
7947
7946
6618
7949
6617
6630
7963
6632
990
991
992
993
994
995
997
6623
998
999
6625
7956
7958
7957
6634
7965
21273
6633
7967
5304
7969
5306
7968
5308
21247
5320
6652
5321
6654
10592
7985
5323
22572
22578
7976
10593
7975
5315
7977
10598
6649
7979
6648
21256
6663
4000
7994
4001
5332
7993
4002
4003
5334
7986
6657
5327
5328
5340
5341
4010
6671
5342
4011
4012
5343
5344
6675
4014
5345
4004
10572
6667
6666
6669
4007
4008
10576
10578
6683
6685
6684
5354
5355
10580
6686
5356
22562
23895
4015
5347
10582
4017
5348
4018
10587
6692
4030
5362
6694
6693
4033
6696
4034
4035
5367
6697
23862
21209
21207
6690
21205
4026
10550
6688
11880
4027
5358
4028
5359
4029
10556
5374
4044
5375
5376
4045
11890
4047
23872
4037
4038
5369
11891
10565
11897
10566
5384
17961
5385
5389
4050
4048
4049
16632
4062
5393
5394
5395
4064
5398
4069
5390
4060
4061
15315
4073
4078
4079
4071
4072
16618
17948
4084
4085
4087
4088
4089
1809
4083
1800
1808
17957
1807
1806
1804
1802
1801
4099
4090
4091
4093
4094
1811
1810
17928
1818
1817
1816
1815
1814
17922
1822
1829
1828
16605
1824
21190
1833
1832
1831
1830
17905
17907
21161
1839
1838
1836
1835
17900
1844
1843
1841
1840
17919
21173
1849
1848
1846
1845
14056
14057
28694
28691
28692
1852
1851
1850
1859
1858
15393
15398
15397
1866
1865
1864
1862
1860
14069
1869
1868
1867
14034
15365
16695
1880
1877
1876
1875
1873
1872
27345
28676
1871
1870
1879
1878
14040
1891
1886
1885
1883
1882
1881
27354
14013
16673
28657
1899
1898
1897
1896
1895
1894
1893
1892
16679
14017
16684
26005
26000
27332
14027
15358
27304
15323
16664
14002
21301
21309
10657
10658
11980
11984
10653
10652
23971
11994
23948
23949
22611
11966
10636
10630
23954
10642
11973
10644
11974
6708
10613
10614
6702
11942
23938
22608
10626
6715
11953
10621
14198
6730
11918
11922
6729
11925
11928
6724
6726
6727
6740
5410
5411
11929
5409
10604
11934
10605
6735
6734
5406
5407
5408
6750
5422
19061
5413
20051
6746
5415
5416
6747
6760
6761
5433
5423
5424
5425
6757
5427
5428
5429
16802
6771
5440
6770
5441
4110
4111
4112
4113
5444
6774
19041
22693
22695
5434
4103
20030
5435
6768
4105
5436
4106
5437
4107
5438
5439
6780
19059
5450
6781
5451
6784
5454
6786
5455
6785
5445
4114
5446
5447
4116
6779
6778
5448
4117
4118
5449
19029
4131
21343
4133
5465
19025
10690
20019
5456
6788
4125
10693
4126
6787
10695
4128
4129
5470
5471
5472
5473
4143
4144
4145
19036
4146
21350
6798
5469
4150
5482
5483
19007
4153
4154
5485
4155
5486
5487
19003
5488
5480
4147
10671
5479
4148
4149
10673
19008
5492
4162
5493
5494
4164
4165
4166
10680
4168
5491
4160
10682
4158
4159
10688
28733
15425
16755
4185
4186
1908
1906
1905
1904
15433
1903
1902
1901
1900
15437
4190
28714
4193
1910
1918
1917
1916
1915
1914
1912
1911
1920
15413
15412
1922
1932
1931
1939
1938
1937
1936
1933
1943
1941
1940
1949
1948
1947
1946
1945
1944
21285
1953
1950
1958
21280
1957
1956
1955
1965
1964
1963
1961
1960
16705
1968
1967
1966
11902
1972
1971
11903
1970
14185
14182
1990
1987
1986
1985
1984
1983
1982
1981
11917
1980
1989
1988
9004
9002
15487
14156
1994
1993
1992
1991
15489
1999
9014
14163
14164
27476
9024
15462
28772
15468
9039
9030
9031
26121
9048
14112
9040
28758
9042
15447
14113
15449
9058
9059
9057
16785
14122
27436
28765
28764
14126
16788
16786
9069
9065
9066
9064
10777
10770
10776
9075
10782
10785
10787
22736
22738
9083
6807
10756
6806
9080
6805
6804
9093
21418
9098
9099
9097
21414
6818
6817
6819
10760
6814
6813
10765
6815
6830
6823
6824
10732
5510
6840
22722
5500
6832
5501
6831
5503
5504
10741
10742
6837
5507
5520
5521
10709
10708
5519
10711
10713
5511
6845
6844
6849
6848
22701
5530
5531
5532
10726
10729
6853
5525
6855
5527
6859
6874
4212
19185
16916
5533
20171
5535
20170
5536
4206
5537
6868
5539
4209
6881
6882
5554
4223
16928
5545
6878
4215
5561
4230
4231
6894
4232
6893
4233
4234
19162
4224
6887
4225
5556
4226
5557
4228
5571
4241
4242
5574
4243
4244
5575
4245
5576
20163
16909
6898
5567
6897
4239
4251
19144
4253
4254
5586
4256
22790
5577
4246
4247
5579
4249
4260
4261
4262
4265
4267
5598
4257
4258
5589
4273
4274
4275
20111
4277
4278
19123
22770
5599
10792
4268
4269
4282
4283
19139
4286
4287
20121
4288
4280
4279
4294
4298
4299
4290
16875
16851
15521
27518
16866
14201
15538
20097
16837
16818
16813
19098
19091
9102
9103
9100
9101
9117
10704
9108
14276
9126
26251
9135
14283
9136
9139
14286
15581
15580
9145
26237
26234
26233
15597
9159
9150
9152
27575
26244
15598
16891
9167
26214
9161
9164
9165
27540
15568
14244
9175
9173
27552
14248
9183
22871
9186
6906
6907
19229
19228
6904
6903
21556
9199
21553
21552
9193
9192
9195
9196
6918
6914
21521
6927
10879
10871
10870
19207
10873
19209
6925
20201
21536
6939
6938
10880
5602
5603
6935
6936
21501
21500
5620
5618
5619
5610
6941
5612
5613
6943
5614
6946
6945
21512
6960
22848
6961
5625
6959
10863
5628
22813
6970
6973
4310
5642
6972
4311
10837
10838
6966
4303
4304
5636
4305
4306
6967
5637
5638
4307
5639
4308
5651
4320
6981
4321
5653
4322
10846
10848
5643
6975
4312
5644
5645
5646
6976
6979
5647
6978
25090
10842
6991
5660
6993
20298
6992
5662
4332
5663
6995
6994
4333
5664
3002
3001
3000
5654
5655
20293
5656
5657
4328
4329
5671
4342
5673
4343
4344
3013
3012
3009
3008
3007
3006
3005
3004
3003
4334
6997
5665
5666
6999
5667
6998
4350
5681
4351
4352
4353
20275
19289
4355
3016
3014
4345
5676
4346
4347
4348
4349
5690
4360
5691
5692
5693
5694
3030
3029
3026
4357
4358
4359
4370
21589
4371
4372
4374
19265
4375
3046
3045
3044
3043
3041
3040
3039
3038
4367
4369
4385
4386
4388
21593
3057
3056
3055
3052
3051
3049
3048
3060
22899
4395
4397
3067
3064
4390
3062
3061
4391
3059
3058
4389
21578
3071
3070
21573
20240
3078
3076
3075
3074
3073
3072
3069
15662
15661
3089
3088
3087
3086
3085
3084
15666
14336
14334
13006
14337
14338
3093
3092
14342
3099
3097
3096
3095
27650
15648
15654
14327
16950
15629
16959
14308
15639
16969
16966
9204
16932
9211
9217
9209
15611
16946
9224
13082
13083
9227
9225
13081
25064
10813
10812
10819
13090
10826
10828
10820
13063
9249
9248
13065
9242
13074
9250
10804
10803
25057
13041
9268
14375
14376
14373
14374
9260
9264
25022
14383
14381
14387
13053
9271
25039
26364
15685
9285
9286
27664
15686
15691
13033
13034
9293
9294
14369
21666
21668
18018
18026
19356
19353
20348
5706
5708
5709
5700
5702
5703
5705
22976
22977
22978
22979
22972
22973
22974
22975
5717
5719
5712
5714
19327
5716
19334
22980
22981
22982
5720
5721
5724
5725
5741
4410
4409
5731
4400
5732
5733
4402
4403
5735
4404
4405
4407
5750
4420
5752
4421
20307
4419
10989
5742
4411
5743
4413
10982
4417
5749
4418
22935
22936
4431
4422
5753
4423
5754
5755
4425
5756
4426
5757
4427
4428
4429
4440
4441
5774
3110
3109
3108
3107
3106
3105
3104
4433
5764
4435
4437
10960
5780
4450
5781
4451
18098
4452
4453
5785
3121
18092
15829
3119
3118
3117
3116
5775
4447
5779
4449
5790
5791
27816
4461
5793
4462
5794
4463
5795
3134
3133
3132
3131
3130
3129
15838
3126
15831
4457
4458
4459
15836
4470
4473
4474
4475
18079
4476
3145
18073
3138
3136
3135
5797
5798
4468
5799
4469
4483
4484
4485
4486
4487
3154
3153
3152
3150
3149
3148
15810
4478
4491
4492
19386
18057
3166
3165
4490
3160
3159
3158
3157
4489
3170
18068
3177
3176
18064
3174
3173
3172
19391
19390
3171
3169
3168
20381
3181
19367
3180
3188
3187
3186
3184
3183
3182
3179
19373
19372
3197
3196
3195
3194
15780
13121
13122
14453
26438
13128
14462
27776
14468
14465
15797
14466
15762
26414
13104
15763
14436
13106
15773
27751
13115
9301
15740
9302
14412
26409
9315
9306
9323
9320
9321
9326
15725
9333
9334
8003
8001
8006
8007
9335
8004
9330
15733
9329
14405
14403
8013
8011
8012
8016
9340
8010
8008
9353
9354
9352
10947
10948
10941
8036
9367
8033
8039
9369
10909
9362
9363
8032
8030
26494
25162
10914
10913
10915
13194
9377
9378
22900
8044
9375
13196
9374
8040
9386
13160
8050
25149
26479
8054
8051
8052
9399
9398
9396
25152
10905
8079
8077
13141
13142
8076
25123
14481
13151
8080
8086
8087
5806
5807
5808
5809
26462
14488
8099
5810
5811
5813
21794
18144
19470
5821
5822
5823
21762
5840
4507
5830
5832
4502
4503
5835
4505
5836
5837
18126
4520
20447
4518
4510
5842
5843
4513
5845
5846
5847
5848
3200
21745
4529
4521
5854
5855
5856
4526
4527
5858
5873
3211
3210
20429
3208
3207
3204
3202
3201
4532
5863
4534
4535
19438
18108
4539
5880
4550
4551
4552
5884
3219
3218
3217
3216
3214
3213
3212
5875
5877
4548
4549
3231
3230
3229
3228
3227
3225
3223
4554
4556
5888
4557
4558
27928
4570
4571
27927
3243
3242
3241
3240
14617
3235
3234
5896
4566
5897
5898
5899
4568
14614
15945
14615
4580
4581
4583
4584
4585
4586
3255
3251
3250
14627
3249
3247
3246
15953
14621
15950
15956
4590
4591
3264
18195
3263
3262
3261
3260
15928
3258
3257
3256
4587
4588
3277
3276
3275
3274
27911
3280
18179
20496
3286
3284
3283
3282
3281
18170
3279
3278
3291
3290
18182
3298
3296
3294
18180
3293
3292
15919
3289
18156
19495
13243
13241
14572
27889
26568
25239
27890
27895
9400
15881
9402
27868
15888
14558
9410
9412
13230
26548
9408
9405
9421
9420
15861
26513
14531
15868
8101
8100
14541
8103
26524
9428
15879
8110
8111
8116
9445
8115
14511
15841
9452
9453
8125
8126
26502
14529
9466
9463
9467
9468
21703
9476
8146
9474
8147
9478
21715
8142
9470
9471
8140
8156
9488
8154
9489
8159
9484
25281
9496
9497
8160
8164
13282
8179
13286
13284
13285
8170
8174
13291
13297
8182
8180
8186
8183
8184
5907
5909
13299
5900
8197
5916
5917
5918
5919
5910
5911
5912
5913
13270
5927
5928
13279
13277
5925
20579
5938
5939
4600
4601
4602
18264
18266
20589
5948
5949
5940
5941
5942
5943
4614
18230
21881
5960
5961
4628
5959
4629
5951
5952
5955
5956
4627
5958
21896
21892
4640
21891
5972
4641
21890
3310
4639
3307
3306
3305
3304
3303
3302
3301
3300
5962
4632
5964
4634
5965
3309
20532
5980
4651
3317
3316
3314
3313
3312
3311
4642
5974
4643
4644
4645
5977
4646
18217
18225
5991
21870
5994
3332
2001
2000
3331
3330
3329
3328
3327
3326
3325
3324
4653
4655
5986
4656
5987
5988
4657
4658
4670
4671
4672
4673
4674
2012
2011
2010
3340
2009
3339
2008
2007
3337
2006
2005
3336
2004
3334
2003
2002
4666
4667
4668
4669
19532
4681
19534
4682
4683
4684
4685
2023
3354
2022
2021
2020
20525
20523
2019
2017
2016
2015
2014
2013
4676
4678
18205
18206
4690
4691
3365
3364
2033
2032
3361
26713
3360
26714
13409
14737
13406
3359
3358
3357
2025
3356
3355
4686
4688
4689
14736
2045
2044
3374
2043
3373
2042
3372
2041
2040
3370
2039
2038
3368
2037
3367
2036
3366
2035
4697
4698
13410
2056
3387
3386
2055
3385
2054
2053
2052
2051
2050
2049
2048
2047
2046
3390
3398
3397
2066
3396
3394
3393
3392
3391
14726
3389
3388
2070
2078
2077
2076
2075
2074
2073
2072
2071
18291
2069
3399
2068
2081
2089
2084
2083
2082
14704
2092
2091
2090
18276
18270
2099
2098
2097
2096
2095
2093
18287
18281
14690
9503
14698
14696
13365
14697
9510
9514
12044
26688
24028
24022
12045
12047
9505
9521
13340
27987
27985
9517
13345
13346
12012
14674
12016
12019
8201
8204
8203
12021
24008
9528
14685
9526
14689
8211
8210
9541
9547
9544
8208
9537
8207
14653
8223
9551
9552
12000
26640
8219
12004
9549
8234
9562
9568
15960
8238
8235
13302
8228
8229
15968
13305
14636
14637
8245
8248
9579
9577
8247
9578
9570
8239
15978
13314
9584
8253
19502
8257
8258
8251
8252
9583
19507
19510
8264
9590
9594
20503
8275
12095
12096
12098
8273
8271
12091
8272
24072
8289
8286
8287
8281
8285
8283
12071
8297
8298
12077
8291
25388
8295
12082
12087
24069
12051
13385
4707
4708
4709
4700
13390
4717
4718
12067
4710
4712
4713
4714
4715
17042
4727
4728
4729
4726
3406
3402
3401
4730
4731
3409
3408
3407
4737
17025
4750
3420
3417
3416
3415
3413
3412
3411
3410
4744
3419
4748
18366
4762
3431
2100
3430
20689
3426
3425
3424
3423
3422
3421
4756
20654
19661
4771
4772
4773
3442
3441
2108
2107
3438
2106
3437
2105
3436
2103
3434
2102
3433
3432
2101
4764
4765
4767
4768
2109
20662
18342
4783
4784
18343
2122
2121
2120
2119
2118
3446
3445
3444
3443
4774
18349
18311
4794
4795
3464
2133
2132
3462
2131
2130
3460
21966
20635
2129
2128
3459
2127
3458
3457
2126
3456
2125
3455
2124
2123
4785
4786
4787
4789
2139
2137
3468
2136
3467
2135
3466
2134
3465
19658
18327
3486
2155
2154
3484
2153
2152
3483
2151
3482
3481
2150
3480
2149
3478
14852
14853
14856
13525
13523
2166
3497
3496
2165
2164
3495
2163
3494
2162
2161
2160
2158
2157
2156
3487
13531
12206
2177
2170
13506
2169
2168
2167
13500
14835
13502
2180
2187
2184
2183
2182
2181
2178
2191
2199
2198
2197
2196
2195
2194
2193
2192
14817
14819
14828
14820
17064
9600
17067
18391
17063
17079
9605
9606
9608
12150
12151
9622
12153
9616
12156
9615
13487
9630
12160
13490
13495
12162
13496
13493
9633
24146
25471
9627
12166
13497
8311
8315
8313
12131
24113
25443
25440
24110
8307
13466
13467
8308
12136
8325
8326
9654
8323
25452
9649
9648
12149
12148
7000
8333
7002
14771
7003
7006
12118
7010
9672
7012
8347
13452
7014
7008
7007
12125
7009
12126
7021
8352
8353
7025
7027
8357
9688
8351
9682
13429
14752
14756
9696
8366
9697
7035
7037
7036
9698
9699
26746
26748
9691
12108
14762
12104
7044
20610
7046
8374
7045
8375
7049
7042
19628
8387
7054
18301
18302
7059
20627
8384
7050
20624
20623
8382
18309
18304
18307
7065
7063
7077
7076
7079
7071
7073
7072
7087
12194
12195
7082
7086
12190
4804
4805
4806
4809
4800
4802
4803
7095
4819
4810
4812
4814
12171
12174
12173
12176
12175
24159
4828
4829
25485
12177
4820
4821
4822
4823
4824
12184
3504
3503
3501
3500
24166
12189
4830
3509
4833
3508
4835
3506
17167
4850
4848
3516
4849
3512
3511
3510
4840
4841
4842
4843
4844
3519
4845
4846
4847
17179
17176
4860
4861
3526
3525
3524
3523
3521
3520
14907
4851
4852
4853
4858
4870
20791
2210
18471
3536
3534
3533
2200
3531
4863
4864
4865
2209
3552
2220
3551
3550
2218
3549
3548
3547
2216
2215
3546
2214
3545
2213
2212
2211
4891
17120
20770
4893
17122
2232
3563
2231
3562
2230
3561
3556
2225
3555
2224
3554
2223
2222
3553
4884
4888
18458
4889
17128
2243
3574
2242
3573
2241
3572
3571
3570
3569
2237
3568
2236
2235
3566
3565
2234
3564
2233
4895
4897
4898
4899
18430
3585
3584
3583
2252
3582
20758
2250
3581
3580
20754
2249
2248
2247
2246
2245
3576
2244
18437
20764
19777
2265
3595
3594
2263
3593
2261
3592
2260
2259
2258
2257
3588
3587
19779
19778
25629
2276
2275
2274
2273
2272
2271
2270
12319
2269
2266
14975
13650
2281
2280
12328
2279
2278
2277
12321
13653
13651
14989
2298
2297
13627
26941
25612
13631
13633
9700
26922
13617
13618
14947
13619
9704
9703
13613
17189
9723
14917
9715
9716
9713
17197
9731
8400
8401
100
101
14924
102
103
104
105
106
9727
108
109
9729
14921
8410
9741
8411
9743
8412
25587
110
111
112
113
114
115
116
117
119
8404
8421
9750
12284
8422
12286
8423
9754
12285
120
121
122
123
124
125
126
127
24265
129
8415
9747
8432
7101
9760
13584
8433
8434
12252
130
131
132
133
134
135
136
137
139
9759
8427
12259
7110
13591
7111
8441
9777
8446
7113
7116
12264
9776
140
147
148
149
8439
13598
13599
12265
8438
9785
8452
7122
8455
9787
7126
150
151
154
155
156
157
158
159
13566
12232
8448
9779
8449
13568
7131
9793
8462
7134
7133
7135
8469
7138
160
161
8460
162
9792
163
7130
164
165
166
167
168
169
12244
13577
12245
8475
8476
7145
8473
7147
7146
170
171
8471
173
8472
174
175
7140
176
177
178
179
7139
12210
13542
13548
14879
14877
12216
13546
7153
7158
8489
180
181
182
183
7150
8482
184
185
186
7151
187
188
189
12221
12223
14884
7165
7164
8498
18411
8495
19743
190
192
193
194
8493
195
8494
7160
196
197
7162
198
199
7174
7173
7181
7183
4903
4909
4902
20720
7197
7196
7195
4917
4918
4919
4910
4926
4927
24294
19708
4921
4922
4924
4936
4937
4939
3609
3607
3606
4935
12295
12294
12296
3615
4949
3613
3611
3610
12298
4940
4941
4942
4943
4944
3618
3617
3616
3621
3620
4950
4951
4952
4953
4954
4955
3628
3627
