
1154 1079 26
49 220 1702
49 586 10
38 2038 13
12148 2782 712
400 566 2222
179 760 183
430 930 22
114 3 588
13 735 2724
22 3105 1807
11628 22 3145
592 669 13
531 744 10704
26 493 149
10 1433 13
22 2587 1154
499 500 215
2717 3 4078
840 49 901
49 1058 10
7087 278 11
10812 38 12175
3
499 500 209
1773 404 13
637 1601 10
4351 463 77
26 4060 299
1138 1241 149
114 526 514
48 1602 44
179 387 368
3 278 13
1215 26 16146
1160 1280 13
3 1903 1221
87 7790 49
10 725 2690
461 114 10
13 192 2625
200 3 680
10 12520 482
1932 485 3999
270 2635 1154
13 100 11
1796 1794 1258
3372 218 91
1731 535 278
5171 988 40
3397 10 3850
3858 3097 1155
11 366 368
13 10 2093
939 44 219
94 204 597
10 2553 400
2847 1894 9633
318 48 10
10 4850 13
10 807 13
212 1471 90
22 50 36
3 278 48
265 584 434
3 278 45
165 168 604
10 3524 13
501 1204 1204
3 166 278
16966 482 3208
957 149 79
6144 303 725
640 151 1607
3078 209 5501
22 126 45
80 550 514
434 1702 49
1368 1958 278
114 10 886
605 2388 13
111 923 482
10 1408 45
3 544 344
219 220 497
468 13 284
1570 1204 501
10 1471 739
430 1229 792
10 4849 13
10 3728 13
10 149 781
109 13 10
49 267 10
10 61 437
807 1946 1932
454 149 13
765 7725 8915
22 966 7010
1054 298 536
11 3 168
505 45 10
882 514 515
1807 13 163
929 514 5189
3 189 550
45 10 79
1219 13 385
592 669 22
45 24386 22
646 5051 131
22980 11171 2178
11 3 171
1163 1911 22
3 359 360
10 1866 13
10 6497 278
10 1981 13
22 10 1500
328 672 3801
10 2178 116
1490 2475 5791
13 430 930
5243 2274 1798
26 10 868
1372 45 10
2009 725 13
2717 2248 278
3 4822 2541
16025 8207 11322
116 15 3
3 386 1943
10500 1176 656
8635 6557 48
454 149 26
50 13 10
1332 474 13
194 40 114
114 10 841
1338 5638 1182
116 184 10
420 487 397
966 877 940
11520 22 5480
991 637 10
49 267 51
1774 1648 1258
9377 2476 116
1457 3258 2649
49 985 111
13 454 3012
1015 210 808
1119 743 48
719 711 712
750 10 739
434 927 19115
10 739 391
1773 465 13
5813 527 882
1554 1555 3424
2191 22 1402
3 536 13
13 10 4667
924 20945 2211
1081 13 10
94 110 3
3892 765 1116
454 149 79
14689 482 23814
10 808 964
1841 3038 15
45 3278 10
114 3 527
114 3 526
514 515 276
430 525 126
488 503 1512
359 798 1632
4186 5791 6580
114 10 1989
1968 45 10
48 1500 3779
559 26 100
924 13 10
11551 482 19432
1626 1627 15
10 2595 1120
2445 432 26
2739 3748 1215
603 430 516
48 149 3
13 111 2903
434 114 10
48 966 6350
92 516 94
49 2871 10
1602 1032 1753
454 149 85
13 10 328
13 609 2686
1570 1204 482
887 1173 269
825 912 233
10 159 13
1368 2210 278
1154 1830 10
94 603 430
2717 1090 930
13 10 212
49 267 3
430 516 114
13 3061 297
887 1173 278
8446 22 16949
1799 3 171
10 549 13
1487 1120 2001
4674 3307 2093
10 640 358
80 388 4299
10 123 79
22 1160 1829
190 192 1981
1155 1334 318
912 486 79
1341 3038 284
1933 677 49
13 609 281
2536 13 430
2105 22 1261
234 505 38
119 14254 40
10 388 13
871 11 10
13 10 236
516 219 220
13 10 244
14853 5455 3957
2415 617 4990
114 10 1932
10 4044 4045
92 347 877
13 3148 482
13 3850 1382
26 3 966
105 126 45
430 202 200
474 2257 85
878 404 460
161 49 415
869 165 3
413 505 38
48 928 929
189 190 1459
13 931 1894
49 10 4038
2180 741 48
2259 1086 16116
430 269 49
45 92 347
534 1984 318
3274 1338 1258
94 1511 3
13 10 256
505 38 1242
1602 187 5485
3174 2981 49
268 3 123
14082 165 4773
792 22 950
4457 22 715
165 10 677
1717 10 5837
2901 779 26
94 6444 45
1413 45 10
149 393 3310
13 10 272
430 269 22
17799 2012 51
1204 501 1204
10 1486 2936
13 168 1591
10 9787 13
13 10 278
22 10782 2433
4351 79 11
6623 49 10
48 149 3668
3 2527 45
430 269 11
609 8562 3665
430 4440 940
488 3829 1330
10 123 2939
461 13 5639
10 4397 614
3 2858 49
442 1174 432
10 1711 4265
13 10 294
13 10 291
92 278 219
10 4112 482
10 8795 4045
278 22 3
3038 26 82
22 860 912
2530 1880 1486
362 1382 79
2466 45 2927
22 233 149
230 38 3
10 8219 1338
13 774 588
242 2157 11
80 166 391
192 2625 284
788 762 114
48 602 5422
668 1280 13
808 271 11
198 10 1459
13 2903 28
2435 2436 715
478 516 48
430 407 269
2119 4851 940
100 94 1018
94 6576 38
363 1817 208
13 10 8159
11 49 2632
230 203 87
49 10 739
2717 336 1258
228 22 3030
10 866 1658
1255 49 10
739 460 762
10 487 1209
5434 5896 1097
36 547 3
4351 85 48
49 10 760
11459 2167 1829
11373 6686 3340
3229 1474 45
860 503 13
527 514 515
1090 1784 491
1360 3478 513
228 1452 1154
944 179 478
1806 1807 13
1811 856 1231
22 1602 2278
93 94 827
10 668 988
161 49 1937
773 94 110
277 944 49
271 129 77
13 2218 593
13 237 247
535 1731 1330
93 94 836
10 243 13
3869 103 51
501 2242 271
1601 48 10
220 3683 38
77 646 656
558 13 10
6421 482 2519
238 94 126
2668 26 1623
1705 3260 1083
200 3 760
4527 7204 1902
2717 2236 459
22 535 156
1753 360 544
1602 1186 5288
11 2367 1689
10 561 455
10 990 2527
10 812 759
488 1940 1124
87 2136 48
886 337 15
420 487 4060
219 220 5719
48 382 49
218 1120 3208
1311 924 1878
430 630 92
77 807 15165
272 48 488
85 48 10
3 1753 326
1219 13 10
1717 344 2491
14654 10 1032
85 40 114
26 1707 1374
3 210 199
265 87 434
892 13 83
126 45 198
22 825 337
762 114 10
1197 13 10
22 1368 1958
26 454 1487
1850 49 332
11488 1487 299
12520 482 12521
10 932 3795
10 2553 514
123 988 764
100 292 220
10 3584 1135
3994 380 49
2388 13 4942
550 218 519
49 14654 10
931 491 13
501 871 3731
739 677 588
516 114 3
501 500 871
93 94 3792
833 22 125
636 505 38
669 13 420
10 4667 192
26 823 459
10 544 11
117 122 3
10 77 3777
94 126 10
149 26 420
11 3 271
1120 3880 22973
936 207 771
404 1379 10346
326 13 2091
5455 3957 2942
94 126 45
3850 1382 1474
1161
347 3777 278
149 114 10
2849 114 10
1841 1368 1958
1731 3108 1711
10 1602 544
80 807 514
10 3074 13
79 49 10
807 49 1937
690 22 1958
347 3777 269
40 1330 85
527 882 397
281 26 496
278 11 1702
768 1867 3
13 10 2167
13 111 1700
36 219 105
48 218 886
10 4351 79
1382 744 10
3 488 503
10 1167 1817
10480 173 174
1510 5482 3108
268 3 322
985 111 250
988 764 516
126 45 117
45 11 2108
1154 49 985
3038 11 3
467 461 13
10 860 484
22978 22981 471
10 1753 326
13 328 256
1152 7305 582
77 807 1120
4150 359 278
189 190 1270
15 1753 799
126 45 113
13 808 346
49 4891 92
2323 49 10
79 40 114
94 995 111
49 3 218
11 3 249
3005 3062 16664
13 10 2178
347 1034 13
114 10 1896
328 709 6107
49 3 210
1894 4245 198
87 2912 26
202 114 385
94 674 10
1339 22 1338
3 1223 4107
314 1404 516
26 617 618
1122 49 38
22975 3076 271
10 491 13
3039 9965 5222
1922 2405 2152
420 487 284
688 22 1031
77 807 503
3169 22 16209
467 461 48
3 420 1280
45 1698 10
10 1711 400
22982 471 3481
1270 22 1829
428 1022 49
12328 1167 149
45 646 219
2037 1051 1911
303 10 3795
347 588 13
1280 13 2739
1106 30 261
646 13 10
468 13 318
28432 151 400
1204 22 10
4385 22 388
1402 514 219
1475 1987 544
1516 22 8904
926 738 729
2270 488 2271
3 872 3212
1280 13 2731
10 21207 10
23 151 13
26 3 802
26 3 803
13 282 250
87 3 3868
13 10 206
284 505 38
1338 1176 1902
397 276 10
5911 1258 781
1120 832 198
2093 149 165
48 10 960
742 32 49
26 12156 3038
362 4060 91
165 10 1896
4846 4847 13
10 491 1258
955 3402 1215
16820 3 872
150 725 792
1866 13 3340
13 630 1293
147 1500 3779
13 10 103
2717 2248 318
4273 303 725
1152 9715 1526
25648 25649 6089
10 4038 2793
219 434 220
490 957 13
22 2883 2942
1241 149 100
3 298 244
220 3820 38
744 8804 15
641 114 3
13 10 119
94 105 126
48 1878 792
92 116 219
13 10 116
5235 27503 2793
13 10 123
840 1940 1124
391 916 1939
49 10 6785
210 199 48
1152 7305 1733
10 446 370
48 1700 3402
1862 40 114
15 278 764
192 7608 570
4529 9159 22
161 49 4012
48 325 326
10 5525 13
505 38 10
10 149 2447
26 1163 291
100 87 434
161 49 580
872 190 506
10 510 678
116 219 220
1162 22 1163
13 1602 1186
10 2009 725
22 1402 514
10 1209 400
303 10 151
1546 94 276
10 3820 136
1500 2135 10915
1176 1153 149
10 369 825
4658 489 83
10 103 1971
13 111 2961
3 168 664
13 10 149
269 100 94
10 463 2093
13 10 154
461 48 10
13 10 151
911 358 303
550 400 10
13 10 17816
3434 7716 7717
70
10 14693 612
1613 244 149
13 10 158
10 362 1195
4478 13 4103
488 3945 516
3677 3 14
10 1817 13
1658 13 92
966 10479 2382
10527 1878 688
10 229 230
13 10 166
303 10 119
2121 1221 1911
20945 2211 165
305 26 1032
198 80 550
1546 94 268
117 1181 10
2516 13 10
326 1368 1958
10 2867 391
61 38 10
2708 1229 2466
1032 38 3
49 415 111
22 1602 1032
15 22972 22
631 45 6747
4819 22 13289
97
1011 190 1124
10 2717 1090
13 10 189
3 966 582
347 678 22
92 11 10
709 646 808
1062 13 10
94 77 126
1901 1330 85
61 38 26
13 725 2801
1155 149 49
10782 2433 87
291 6979 22
114 150 3109
10803 1894 16046
13 10 192
471 291 318
11 766 15
2039 3358 2121
1261 4935 48
5807 13 328
149 165 11149
609 3888 21733
760 468 13
117 3 123
391 13 1382
4060 1828 6258
487 317 278
40 269 49
117 213 10
45 11432 2667
94 398 49
484 9242 957
1274 196 359
329 207 114
3 1841 278
102 1160 508
210 199 13
582 1062 49
386 1943 40
93 11 49
92 559 11
541 359 4806
13 317 2358
10 159 2093
514 22 2178
880 709 710
1602 1915 3520
190 2362 149
2035 1221 9217
525 87 1347
10 272 1258
1717 3 2210
966 6350 6351
48 4185 10
10 61 6413
9528 570 3043
94 105 110
592 669 219
1707 90 503
13 1242 773
94 77 110
478 559 48
1280 13 17167
4457 1062 26
538 601 400
165 92 2119
836 3 123
1154 1475 315
8562 3665 205
1344 22 524
775 13 277
3 5221 303
781 13 1570
13 1738 203
1570 501 570
10 725 2801
912 4895 48
385 526 514
3728 13 10
26 3413 49
13 150 151
189 190 3943
190 3012 117
2930 508 1711
385 2191 22
215 22 499
13 92 79
26 725 746
163 184 10
15 10 1280
49 2636 21137
114 3 347
10 669 13
4060 91 48
335 2810 494
10 555 13
10 158 514
715 257 149
117 111 4842
360 544 318
13 347 8264
441 3 442
18698 1708 1046
368 10 151
149 1231 26
10 278 3425
22 10 1368
1176 765 7725
103 516 11
10 217 482
22 189 190
114 3 322
10 420 487
990 22975 2178
3430 26 10
207 94 915
27304 515 13
13 577 500
45 2466 12177
1993 524 1344
394 1253 514
26 10 6750
588 13 1736
489 490 192
48 714 715
261 428 1022
960 13 3
26 1602 1032
48 9786 318
3367 317 3678
3097 1153 149
13 6095 11729
1152 291 688
724 49 220
10 212 13
958 523 13
2867 1958 1034
22 5618 2222
347 592 612
10 1295 13
26 278 40
3278 768 11
10 1148 656
541 798 1632
10 14201 1176
3170 13 10
210 8164 13
1841 7979 49
26 218 725
1160 508 7007
489 233 149
10 404 13
1329 192 3830
4060 91 79
3 5293 4919
10 2097 13
1402 514 11
10 1606 1154
3833 13 13820
261 1022 49
1807 13 397
149 3668 165
612 1258 13
1008 297 87
8415 22 2035
1402 514 26
10 130 26
434 1609 114
461 10 5911
1490 19661 516
2046 1301 114
48 585 49
3 1278 1154
432 26 3
40 114 3340
3 210 211
2311 4146 1386
1731 1330 38
26 10 1915
13 4942 26
1741 110 3
49 634 15
52 1241 149
3038 38 3481
10 192 2625
514 126 45
10 236 22
2276 117 3
1723 1338 1204
48 527 725
13 488 7247
478 1382 744
1280 13 1303
3891 87 47
18302 2743 1176
9175 676 26
696 49 3
3 5455 5456
278 219 220
10 1258 13
3 3730 2494
358 13 10
13523 1799 85
48 2093 764
4440 940 1851
13 10 514
13 10 510
1204 4718 1204
94 3394 92
2870 1241 149
500 1758 570
1027 45 87
900 13 725
10 9199 566
420 487 149
26 10 1901
1609 114 10
13 10 3150
1008 588 1083
2158 13 3
168 5821 12990
1244 22 872
3 404 95
420 3097 149
38 61 38
3945 48 11588
588 13 432
3187 49 10
2297 3584 459
13 10 536
1220 165 10
1030 2378 358
970 659 656
420 487 163
493 641 13
1702 49 1785
10 3858 215
1244 1369 116
725 514 165
530 10 151
13 10 544
1896 1711 1900
3 535 1273
301 38 61
7398 6647 22
292 220 13
44 3957 3402
12847 87 268
202 48 10
4351 886 271
13 17463 2793
48 840 3357
26 538 725
13 10 555
92 93 3565
3014 912 734
1195 474 79
1204 11 10
49 746 725
5455 5456 503
48 1400 315
26 16447 97
1352 886 271
13 4852 4853
751 833 45
22 12153 5416
3412 1984 318
3442 26 10
514 515 126
988 764 370
13 10 459
48 10 607
38 3 278
279 380 280
675 2191 781
940 114 10
370 48 541
94 105 268
10 4532 116
10 3964 13
13285 13286 97
13 10 463
189 166 669
505 38 1043
212 11 49
482
1280 13 159
13 3 1500
14085 173 174
10 5183 13
94 105 276
2598 1167 149
10 15117 4048
10 882 11
13 10 468
13 10 467
100 1259 49
3445 48 27987
98 27892 1711
1780 13 278
738 111 739
22 14376 165
766 3 588
13 1026 13
1280 13 176
501 1204 21205
1219 13 1231
428 7204 10
1602 1032 256
13 10 488
48 3 588
3149 912 516
13 10 497
4819 22 478
787 1280 13
13 10 490
13 10 493
26 10 1950
11 1019 38
3 1858 1054
1572 13 10
12131 1991 13
22 1163 234
1937 10 116
26 807 49
1618 2135 1829
3208 3875 15
149 1796 4767
1231 13 3
430 468 13
605 149 85
561 22 1988
828 1999 297
2265 558 13
1383 1382 48
83 13 503
1731 233 149
45 30 261
26 10 1967
214 215 1972
10 2548 13
179 222 368
7305 582 1330
116 13 192
10 1989 1027
391 916 1602
10 2536 13
5422 22 5423
3182 10 15074
725 916 2593
1280 13 123
1383 1382 79
1383 1382 85
15 10 2620
860 912 999
116 13 188
13 1035 1002
3547 15 798
11 1292 15
2135 45 36
493 3931 2139
1280 13 136
725 22 508
51 510 3
500 1758 1204
541 1738 13
516 13 11890
10 806 646
2739 359 318
48 1753 326
26 100 3
841 505 38
7007 1203 370
94 126 125
11 40 114
673 13 505
10 555 1211
13 2901 779
2108 26 22974
678 22 57
116 13 149
4060 8248 764
49 10 955
79 48 1535
1674 1675 22
1331 677 13
10 766 1500
190 1124 278
15 80 1738
26 82 234
94 1215 3
1602 1163 1911
125 45 430
10 446 641
13 3503 3150
189 190 1602
870 8159 21119
13 10 11356
10 1204 28755
22133 501 500
94 126 111
1167 48 727
5027 132 48
454 3677 3
93 3565 10
22 276 10
500 500 1204
48 1841 318
1607 100 219
49 750 111
87 2648 26
10 84 13
5040 151 400
11 1850 49
437 38 10
48 218 3116
11045 13 5810
2419 57 2415
48 1155 149
10 514 165
10 715 1610
220 2695 38
642 277 49
49 10 990
61 26 977
210 788 461
22 10 1258
11 1850 45
10 326 13
599 26 10
4845 22 4846
1602 1032 233
13 609 8562
1120 1798 48
5422 10055 490
327 3462 1295
111 759 9117
955 1475 6593
6761 957 459
3850 536 3728
13 92 93
3 5602 326
3293 886 1346
5039 1474 22
94 105 200
344 1206 566
301 966 6350
460 13 10
10 21137 432
592 669 368
114 10 592
1243 10 739
3 329 358
26 16146 1046
22 10 1280
781 13 367
328 1007 808
295 825 149
1752 318 1161
16803 16804 2093
1338
126 125 45
10 1241 1817
914 886 337
1602 824 9076
3 80 550
416 2093 716
10481 13 3412
291 3389 48
1535 2830 1841
10 887 13
336 1258 997
2647 14752 149
7809 500 215
10 1215 13
541 488 3000
92 1032 117
1032 759 986
1120 1173 3038
13 12376 482
1155 566 2222
5177 1383 1382
22 1993 524
825 5821 5822
114 10 566
94 276 277
26 712 15
9002 1487 22
3340 2852 114
93 94 995
190 808 208
1368 1958 318
48 344 2093
9891 40 9890
26 10 77
10 6071 656
26 712 13
26 10 82
26 10 80
77 807 370
1830 10 1901
269 40 114
129 16457 6780
527 882 582
5488 3506 3402
40 7477 44
11 2266 117
10 463 930
22 4846 4847
3121 1077 13
114 10 544
2336 13 430
500 499 3677
4332 3462 4333
220 3988 49
387 368 10
47 22 10
94 6576 49
1700 49 2265
22978 11171 22
1153 149 15
22 1570 482
3 1841 559
672 192 3830
87 1019 117
70 27048 1182
7204 10 236
13 1602 44
10776 22 10777
34 3258 1610
111 1700 45
19185 3391 13
4809 38 3
9099 860 3038
430 3184 278
1280 13 1231
219 3394 10
10 7864 13
913 914 886
149 22 5848
4206 988 4333
80 550 400
3 123 825
3274 13 10
3731 500 5602
219 1601 48
1516 202 1248
49 1058 3
1296 40 114
94 1785 10
1459 114 10
10 1163 1032
94 1018 10
48 5154 10
488 1753 326
297 114 10
1570 482 501
3 664 45
10 8159 23814
10 2717 2697
3 664 49
363 95 114
117 430 347
92 269 11
90 1310 91
1700 886 271
3 664 13
527 882 514
4245 198 10
93 4008 3
3758 743 3306
525 114 3
1154 11 47
1155 1526 688
111 1241 149
48 149 535
4651 3366 1124
13 1950 194
94 268 3
1490 1051 3402
48 527 604
2717 2248 156
22972 22 22973
792 1577 45
525 276 45
13490 924 432
3258 1610 1161
4484 3049 306
631 13 203
1817 208 284
1030 2378 203
1486 1158 683
93 3087 3
1227 49 10
1280 13 317
10 77 2278
11067 17957 3533
2697 710 13
94 3326 45
861 2585 1624
3386 22 4786
10 10500 1176
3330 5638 5602
278 48 1878
259 40 3389
1280 13 328
123 988 926
482 12521 506
441 646 7247
10 1384 4841
10 12259 271
772 1120 832
867 505 38
2266 117 936
391 297 26
26 347 592
114 3 420
1526 163 184
6052 87 1019
10 2434 13
455 488 192
1386 329 514
6685 6686 8384
1310 3533 15
488 3012 503
982 987 1127
10 960 13
94 3792 10
866 1658 13
764 38 3
570
10047 807 503
2969 26 85
12022 26 12019
10 668 3174
22 2236 1382
13 20251 1451
77 807 1310
207 175 3108
40 114 2119
219 220 780
500 215 208
165 605 525
588 13 2903
544 344 15
15 189 190
1750 825 912
488 3945 370
328 218 1124
488 3838 1752
1215 192 2152
94 619 10
588 13 328
385 380 22
430 202 126
13 10 443
13 10 446
670 94 126
877 940 393
2152 1242 482
1258 26 10
3584 3894 281
49 1510 5482
3038 26 4060
5752 94 126
432 13 10
98 463 1572
10 2157 13
386 149 781
49 10 3014
2527 45 2466
992 26 10
94 125 619
759 860 503
492 26 235
79 393 261
806 646 656
13 10 347
359 360 913
10 2465 187
219 942 49
11 2136 48
8219 1338 1950
1570 1758 570
432 13 34
3 861 503
48 1535 1155
3038 48 3
10 1155 149
739 1932 1195
13 10 359
6094 45 10
13 10 356
836 3 322
1602 1032 149
13 10 358
2242 102 218
13 10 363
871 500 70
339 22 340
3 725 2801
270 2068 1154
1280 13 298
10 151 1027
49 236 45
10 17816 5510
13 10 369
13 1674 1675
2093 716 3
3005 7007 1203
1864 5732 318
741 49 11106
641 11 1405
900 13 514
94 292 6605
1487 5899 4425
48 10 765
26 2281 49
1280 13 218
48 10 766
215 13 10
3 149 1173
3313 1602 7305
36 393 261
672 7741 194
1280 13 236
90 503 284
535 233 149
230 13 3
2549 27244 45
825 912 370
10 2093 192
823 22 10389
10 501 2242
10 2236 3070
725 22 400
11 780 117
48 214 215
3 169 244
245 7840 22
13 3 1603
48 488 2093
3 6423 482
36 11 1850
10 739 5837
10 1338 463
40 233 149
3 535 559
566 13 10
165 10 2903
560 13 10
1841 192 3830
535 278 2000
10 1162 13
26 3 664
111 79 784
1295 13 2731
10 1242 580
48 2708 1754
940 22 105
80 550 493
93 94 915
83 13 430
10 7371 482
514 505 38
839 538 2158
15 5690 1154
1602 2847 1894
15 10 151
26 454 2612
3 1295 13
5252 22 9099
10 278 11
2230 1506 656
390 51 3
10 230 38
2038 13 10
4942 26 3
2429 5638 1182
22 467 762
278 10 1878
10 446 531
237 527 882
45 11 3
10 278 15
13 3755 281
712 15 5690
382 7721 26
45 48 22978
4048 13 10
669 13 1570
111 788 461
2198 13 10
219 105 220
303 725 22
3 1914 278
10 766 1408
8051 4884 326
114 10 491
10 5798 13
3095 40 3716
772 1081 764
2664 825 337
840 3357 3402
87 1227 49
87 3888 49
26 90 91
1153 149 85
1338 1204 500
15 10 116
739 728 743
3 420 588
478 85 48
884 114 10
1221 40 5416
10 1408 400
245 22 10
435 94 50
8297 43 2275
9562 40 1270
48 11067 17957
7147 22 3833
4111 1190 13
192 2625 116
637 3 966
1711 49 985
48 500 550
9159 48 6418
10 966 44
2352 554 236
3 516 48
94 50 3
10 1032 22
385 593 22
10 1487 3170
400 10 245
79 11 103
1741 611 3
5567 22 3703
26 1841 1310
61 6413 4048
10 886 297
13 677 176
111 3121 1077
1075 360 11805
3340 12399 8637
26 10 468
10 1032 11
7204 1902 303
10 1032 13
669 13 738
13 3 244
10 369 463
322 269 49
322 269 48
3421 1120 832
22 5602 799
7195 7196 278
10 119 2472
1510 94 110
2266 8245 1270
4038 2793 116
26 10 454
10 886 271
10 1733 192
3815 570 278
841 26 10
10 151 400
1227 49 739
26 8253 1711
2961 22 659
1627 15 10
488 22 189
1088 3420 1154
10 202 126
5083 514 515
430 516 49
507 13 1137
10 154 278
94 915 10
87 2812 117
278 11 3888
1570 3331 500
489 1124 1334
10 739 743
1124 22 688
165 4966 7341
26 3 80
198 5733 4835
49 1505 3
148 1330 22
30 171 261
430 516 11
10 739 1700
119 1774 16116
13 113 370
26 10 2135
49 10 356
1382 48 1368
111 454 149
1230 22 592
1137 4105 1379
1833 49 6424
45 10 1738
45 48 3
148 1338 1798
10 521 13
218 2535 13
328 672 192
13 149 3
13 3 278
525 94 276
13 10 710
219 220 2168
114 526 22
26 10 404
26 438 234
11 678 48
11 678 49
2091 40 2218
10221 13 10
13 10 728
1738 13 798
13 10 725
11 3729 49
727 159 1124
370 40 114
93 94 456
686 459 26
10 202 13
24386 22 27345
838 1607 48
10 2446 2447
834 15117 4048
3 438 79
1280 13 2406
13 10 739
22 527 725
1850 45 92
10 1382 116
1280 13 15876
386 22 387
15 1516 202
1535 3005 3062
100 976 10
1506 51 10
73 18393 11
2826 49 3
26 617 3169
5837 957 2942
3 5327 4105
420 527 882
13 10 5574
9323 22 13241
686 459 297
2456 1027 30
970 120 656
1330 22 631
40 114 430
14338 49 14336
5821 5822 85
10 2877 13
759 514 792
10 1163 192
48 3 1032
759 149 781
13 10 766
48 3 2369
744 2656 114
503 116 13
503 116 15
503 116 11
2306 1264 3067
677 514 22
1119 1487 3184
22 8986 2919
1072 49 220
1368 2717 3097
939 250 441
13 3 218
93 94 1413
49 1077 3
207 94 268
3 416 602
516 13 1982
588 91 4050
49 220 1352
45 26 10
677 514 48
11 441 646
344 725 7312
3 911 358
273 32 49
220 161 48
220 161 49
11 179 387
468 13 2241
363 10307 6602
1487 4853 247
1155 149 1106
17816 22 19628
10 13082 19502
2016 13 291
55 3850 1382
6087 1602 1186
270 10 229
393 865 114
49 381 696
580 13 3443
94 50 10
744 10 1280
119 85 48
10 609 1490
1197 13 430
3 1807 13
544 488 1371
825 22 10
3 1163 291
3827 2397 6570
1943 40 114
48 2093 149
22 16024 2720
48 1679 10
3501 102 1914
1382 26 3
10 312 192
3038 1386 49
10 1475 2406
3 1123 161
788 22 467
22695 236 29
659 656 347
94 200 10
151 13 446
3117 13893 318
298 299 15
13 1738 773
26 14085 173
565 22 11
10 275 13
2444 482 2419
165 3 966
686 459 79
13 488 3945
2167 1984 432
3 493 278
1310 22 1993
3481 87 22979
10 871 550
22 10 955
13 1829 15
1258 13 10
189 190 22
95 10 669
686 459 271
2872 13 10
48 10 77
4351 485 486
16802 14636 2757
10 391 271
577 500 1182
165 2191 22
48 640 488
2944 2419 3714
2472 1258 6893
49 654 149
50 505 3
21842 22 8109
4844 10 77
725 669 22
94 1413 3
10 186 601
715 1610 13
362 2243 2244
48 3 766
10 1984 1799
744 265 87
22 1958 764
114 1733 192
2435 391 1800
23 841 26
277 49 50
1032 3785 4149
94 110 22
716 3 588
10 1311 13
3 680 79
15 602 1027
2093 1774 2397
1602 1153 149
3731 11 10
768 11 441
2918 1807 22
27889 26 3
38 10 1280
13 10 9057
94 110 10
45 165 10
775 16254 2090
22 17063 284
10 1755 192
3 420 487
344 2093 1075
13827 3668 870
13 210 297
94 110 49
87 6084 49
10 4554 13
13 3256 2880
13 10 1989
4529 7181 3169
1338 501 1204
1535 1155 988
126 10 1197
13 8238 10023
672 2435 2436
236 15 19968
218 26 10
22 25487 3038
538 151 22
1792 12012 712
114 3 1807
79 49 2129
94 87 1702
38 10 2553
22 1487 5899
1858 298 299
886 13 10
13 5639 1570
94 995 3
1753 1984 318
3793 2535 13
48 488 149
11 932 739
28 11 437
656 1384 22
94 399 10
235 61 437
11 22978 22981
48 7985 1711
166 669 13
3 680 22
49 100 94
6840 2980 812
3931 40 315
471 3481 11
10 680 966
430 347 877
15 420 487
40 514 3951
3420 1154 656
4334 45 10
2717 1774 2718
10 4666 4667
123 22977 48
1535 1155 1798
54 87 1296
13 10 1940
94 1743 10
363 4849 13
10 103 85
22 1878 688
2178 22 3481
777 778 114
744 1055 114
1858 3255 4999
1215 22 91
5221 303 10
17313 9474 17313
765 4457 1062
3 420 468
10 560 641
13 641 21191
833 45 92
10 103 79
347 877 940
1602 217 8298
48 189 190
1932 1158 1444
13 10 1967
13 2582 85
1864 19228 318
861 503 116
1270 14706 2152
347 2388 13
1280 13 1082
1602 6685 2476
3462 26 10
488 3691 318
1717 348 22
1795 40 474
10 77 93
45 11 366
45 94 30
48 1602 1186
1274 1989 506
788 461 13
26 3210 227
807 1310 5880
303 149 270
8637 688 318
3 514 2303
3 913 914
788 461 10
49 349 3
1280 13 1027
13 3 123
10 1090 13
22 10 3878
454 5501 764
48 420 487
92 93 1852
347 924 20945
1284 22 886
22 3481 87
10 2697 710
49 10 463
430 79 26
50 13 577
48 28432 151
1810 49 10
2581 49 220
3 151 13
430 79 11
26 10 568
1602 2035 988
1120 284 15
3 360 544
3829 1270 149
13 213 10
85 48 3478
1705 2469 1711
995 3 123
738 3306 8911
26 10 561
22 527 882
26 10 555
204 110 3
1209 40 1284
588 13 958
364 10 363
10058 12104 3409
725 83 13
218 3508 219
3210 474 188
2627 992 26
26 10 544
538 22 1012
503 79 48
10 490 4674
169 1526 688
22 836 3
3 22133 501
744 10 11455
13 535 1382
961 36 11
11088 872 4899
26 430 278
26 10 536
10 739 886
26 77 807
868 488 1981
13 3 150
1032 455 159
2632 2614 2627
488 489 490
10 1901 278
1798 601 494
229 391 297
48 1602 7305
4457 2042 13
488 2491 1799
1382 26 1984
10 16011 482
38 140 13
499 500 1211
233 149 15
48 825 1711
8222 2982 3109
22 524 5429
10 588 13
48 77 807
359 1120 284
2867 391 13
26 10 514
1736 26 10
13 10 3012
725 2595 299
10 510 1903
1081 709 646
741 48 10
6285 6350 3751
3005 912 486
2815 2257 514
619 10 103
10 77 807
13 111 79
13 10 6993
13 1753 799
766 117 10
541 798 392
41 5877 4103
609 1050 149
415 3 256
218 17575 3618
13 2456 1027
49 750 10
3029 3030
268 10 77
1152 169 1526
13 10 3038
3814 26 10
1736 38 10
514 276 10
743 49 11106
26 988 764
3210 2751 284
13 123 85
218 2414 792
3294 792 13
3533 15 15120
1796 4352 2397
3413 49 10
609 6498 22
1526 688 11
3 1187 13
404 40 3038
61 38 3
117 111 5425
3046 853 26
13 4112 13064
22935 432 4588
10 4484 930
10 988 400
10 536 514
17463 2415 1590
184 94 915
2454 22 10
746 1280 13
10 880 482
1487 3170 13
47 48 10
79 219 220
111 678 1599
5285 381 13
1369 116 15
1030 677 13
2258 40 2918
94 827 3
10 404 184
1751 13 10
2880 1914 370
10 446 1106
10 659 656
2093 963 13
10 2248 13
5436 256 6746
149 326 48
1368 1486 149
13 10 669
2281 514 73
22980 22981 471
93 94 399
48 455 459
224 9159 48
2686 1886 514
1257 13 1154
441 1402 514
1500 1270 11
50 36 49
4852 4853 22
292 434 2423
478 79 48
10 612 1258
1602 1186 688
13 10 677
3 1331 1368
582 1878 792
15070 26477 26478
515 13 28442
328 218 1368
25388 2487 11
5367 1570 1338
1738 13 832
2127 500 871
49 220 1253
1273 317 318
13 10 688
510 13 10
2222 48 1602
10 677 514
2632 45 24386
36 11 3
535 536 957
1859 298 299
1602 1032 1124
1602 1032 3785
1204 1204 500
10 183 13
3005 912 516
13 10 577
13 10 582
860 168 912
1186 807 48
207 393 865
10 3420 1154
111 2213 269
3012 117 111
1602 159 1753
49 7725 18653
26 344 4347
26 189 550
13 10 592
250 441 3
203 303 10
10 630 13
3758 3306 2669
10 8159 326
3148 482 3149
653 22 1460
10 2491 1799
13 1241 149
17961 8186 1720
500 500 1161
2730 454 149
347 841 87
1404 516 13
2657 49 2657
1535 1155 1602
13 88 2419
738 911 3407
3 2218 2593
16349 648 434
3218 1338 1337
269 1259 49
868 3038 1386
478 149 26
40 114 218
1587 482 2127
357 725 2801
1807 13 10
92 93 4008
131 1338 1134
397 126 45
496 555 712
303 151 13
10 1967 11
1032 488 988
484 208 559
434 16350 9844
3 317 13
49 3509 3
1516 202 276
5651 1261 3106
358 13 1736
10 668 1280
13 1798 1060
1241 149 559
49 420 487
10 792 13
40 1602 2035
49 1886 10
26 4088 1154
3260 1083 1280
10 677 592
10 739 825
2241 48 10
114 3 189
3665 205 22964
111 678 22
10 443 13
11 101 49
48 3 605
278 45 219
116 13 2964
4268 3627 26
685 525 114
13 80 807
15 3074 49
49 1937 3
150 151 6590
40 114 1970
3307 2093 149
808 346 1382
1507 117 10
13 3793 4940
165 43 21418
48 22978 11171
1241 149 26
80 1738 48
10 5610 1176
80 1738 45
1241 149 22
495 725 2801
171 768 393
26 1374 184
393 467 592
640 488 3000
1241 149 13
10 2553 116
4071 2266 8245
1485 2167 1506
2119 49 415
6813 25022 194
48 2099 1243
210 2362 1346
149 1830 5140
3865 277 944
10 244 11
2089 149 85
49 10 404
175 49 364
26 739 3218
1241 149 85
11 437 49
11 437 45
10 2135 45
669 13 808
13 10 25814
592 165 3
2635 1154 49
219 204 220
233 149 79
2309 1032 258
760 218 318
44 482 926
1241 149 79
26 465 184
3076 271 129
22 17548 2901
10 728 482
688 12813 15
165 1570 1204
22 656 131
1280 13 28
3062 486 79
541 542 491
710 13 3
1273 542 491
1570 570 500
3620 26 10
11 251 49
44 91 3875
10 677 588
488 727 2093
812 363 10307
3 1984 278
116 11 1340
10 2719 40
2093 1940 1124
2070 13 1171
1280 13 10
3225 49 10
3 1880 1486
94 995 10
77 807 169
51 510 1338
3274 1338 1769
1027 219 220
542 491 48
577 500 1211
190 22 488
1602 44 1374
668 3174 2981
359 1120 326
385 833 22
1486 3519 13
22 10 4850
10 77 3869
22 1182 482
1796 1086 391
45 10 22323
13 236 22
219 220 1011
219 220 1019
48 3430 2593
1368 561 1984
13 1383 1382
1195 49 10
158 1615 22
13 10 4060
10 459 271
3730 2494 1711
45 11 477
13 10 901
13 236 15
48 1015 210
219 220 1022
3331 500 2429
219 220 3683
1850 49 220
1032 149 370
6750 988 764
3 2210 13
420 1280 13
10 281 13
2038 13 3
988 764 22
413 30 261
3149 3005 912
111 478 79
13 10 911
825 1711 26
5288 26 10
190 22 455
48 1338 1339
40 4800 278
3 149 79
988 764 38
10 6577 4590
488 2093 370
26 1984 318
10 1467 13
61 38 5813
415 10 1231
827 3 244
1186 688 85
26 10 677
1060 26 2982
1750 6238 3009
93 94 654
988 764 85
13 825 912
1707 1209 491
200 3 471
10 577 500
151 400 278
10 8493 588
284 26 77
8579 1154 997
3556 2127 15
22979 471 22
168 169 10440
527 882 284
126 277 10
219 220 1055
3 2218 482
347 2089 284
26 5003 3516
26 10 668
499 500 499
777 778 48
165 11373 6686
4458 10 2230
514 765 560
527 882 299
10 739 1932
570 500 1182
219 220 1068
8159 13978 8159
1120 832 26
159 13 10
49 2636 10
10 900 13
22973 38 3
1459 40 14756
114 527 514
1970 1313 1382
11 161 49
11258 5877 11
3 233 149
12157 6238 2277
641 13 430
2382 278 13
840 825 503
535 1382 22
2380 22 380
10 461 11
1053 442 1174
111 454 79
111 478 22
1570 501 1204
22 536 2575
1602 1186 988
22 1618 2135
10 510 478
1602 44 3957
10 88 13
4355 2679 114
870
871
11 3 1333
4397 15 10
3 1163 1032
3358 2121 11
10 268 93
11062 765 2919
1602 4112 1284
489 1190 516
22 1988 455
10 19162 2133
161 49 4840
393 261 428
646 794 1124
5183 13 1154
2222 13 10
22 646 2274
45 5285 381
126 277 49
721 198 10
22 5073 9989
3005 912 370
94 278 10
11 51 2435
10 467 461
1008 1083 194
189 190 1153
10 446 2369
87 389 161
525 126 45
190 2362 2625
110 3 123
5845 1914 278
455 488 491
646 337 13
760 1310 3533
93 94 95
315 79 13
2211 126 45
10 924 13
10 1811 3891
669 368 10
527 725 514
3218 655 2222
288 1512 1459
988 764 3106
6404 117 10
13 1186 901
126 277 94
126 277 92
49 200 3
5494 26 725
10 2242 271
48 1154 1173
415 3 189
256 4658 3182
1195 13 10
79 48 149
525 87 5026
806 807 23403
646 8495 2084
10 363 4849
10 358 215
1500 1607 87
105 126 277
10 689 45
38 1773 465
3105 795 382
430 79 114
10 810 13
1310 91 22
10 1352 886
1471 460 5345
774 588 3533
488 80 550
3149 3062 486
131 2388 13
10 4385 13
878 404 669
10 98 463
3 123 468
1607 294 117
6072 420 487
36 11 105
249 80 550
484 218 194
10 400 13
478 1284 417
10 23 4226
404 40 1829
1173 988 764
220 6778 637
727 514 515
388 57 2431
79 48 188
3339 114 111
482 2127 500
3185 3186 1474
10 1120 3592
2124 2397 284
454 22 860
10 493 1914
2475 1500 1733
49 206 1106
13 3 1999
669 13 1829
10 16813 1346
233 149 4001
4849 13 430
10 641 13
40 114 159
48 366 2039
381 13 10
10 1163 358
960 13 10
10 2158 13
190 192 1756
5422 1125 514
13 10 1799
4685 7940 326
807 13 1035
514 192 26
1984 1799 3
1570 500 1758
10 256 4658
10 2123 656
219 220 12171
220 3637 117
3274 13819 8159
328 2369 514
582 1031 22
26 1219 13
10704 5109 250
13 4844 10
727 259 149
1702 49 415
49 178 10
1433 13 5063
559 48 2311
13 653 22
48 344 1032
1570 482 3731
488 4397 1124
2097 13 10
77 807 1946
10 1197 13
1946 1932 370
45 648 434
7245 344 1206
1229 22 363
94 827 111
1500 3779 11
10 653 13
10 536 219
11203 165 3
3 1598 1603
10 2826 7666
40 114 111
3 559 48
10 298 536
3 560 13
3105 1807 2686
10 592 245
13 1242 10127
10 1284 482
10732 15 10
10 781 13
10 1828 13
787 1261 4935
10 1195 388
51 2250 725
317 13 347
420 488 731
680 966 877
165 328 2369
332 151 13
11 1702 49
337 13 10
10 3893 13
1753 326 1368
5367 97 22453
51 612 725
766 1280 13
94 603 10
11659 8286 6477
10 538 725
2157 11 49
230 13 111
1379 1075 588
900 13 275
10 1554 192
2969 26 2241
2071 775 4245
48 10 1981
1313 1382 26
250 179 5988
22 4459 2431
271 491 26
284 26 10
482 3149 912
3 322 1841
3 49 2716
10 3416 13
1055 114 3
14302 482 871
92 93 3087
217 49 3
4918 3462 1991
10 24457 1599
10 3077 3070
40 1487 299
1753 203 303
2369 13 544
535 2181 2665
50 13 3
278 11 3
7326 5690 3306
393 261 1850
26 385 380
5986 1817 208
278 13 10
514 1736 38
3 488 3945
22977 48 478
10 1602 1032
149 284 15
10 1733 13
328 3462 1295
10 358 13
6391 49 10
11 1002 368
49 178 92
271 11 3
1032 256 149
669 13 931
886 13 3
92 207 94
48 328 1007
10 5450 5451
1655 1700 49
48 513 10
3501 13 4513
4146 1386 329
98 463 1032
362 535 1382
1205 18126 6570
10 1368 1027
744 10704 5109
393 3 168
514 1736 22
22 105 364
111 186 358
1810 15 151
38 3 15945
10 668 725
10 2697 1280
3733 13 10
26 527 725
10 1471 460
87 766 117
13 10 1914
10 967 13
49 1232 3
454 1383 1382
328 672 2435
10479 2382 278
15 151 13
15 179 368
6601 482 6602
13 1984 318
6238 3009 22
10 77 646
515 126 45
10 319 841
220 221 222
1280 13 2121
4713 22 5735
964 49 34
13 10 1901
646 2274 646
10 24676 13
1181 10 1258
4655 13 4581
4532 116 48
322 1050 3402
527 882 132
13 10 1932
79 100 1851
561 455 2491
432 1717 344
116 22 10
10 955 11
344 13 100
10 955 13
3 182 116
10 955 15
16456 129 16457
393 2581 49
13 10 1939
3 322 269
609 17816 5510
900 13 47
1573 13 10
26 2957 247
3331 500 1204
61 38 250
13 10 808
588 13 766
391 13 4149
148 516 40
44 149 85
3 123 4674
49 415 2304
328 2165 686
2178 11 22982
503 13 1999
10 1030 358
48 2435 2436
2561 123 22977
6898 4895 278
10 3677 10271
57 2415 1062
527 882 163
2678 559 48
15 163 49
750 10 278
48 990 22975
220 4809 38
10 739 1817
40 1334 278
344 677 2343
664 13 3397
985 1739 10
168 912 486
525 94 126
13 10 4143
391 916 1284
13 464 5599
675 6422 4015
10 2575 13
13 430 79
13 34 15074
467 762 13
45 94 1018
727 230 297
10 2191 468
1032 233 149
887 1173 536
207 114 149
22 2602 13
1602 44 2751
22 13289 1425
13 430 85
15 1209 40
995 3 322
10 3717 11
184 10 230
10 1796 464
22 3030 514
10 510 350
45 219 220
51 10 88
514 26 92
209 6238 3009
26 746 725
38 3 12051
148 988 764
2369 49 2369
1097 126 45
3 802 1807
10 320 561
3 2167 1467
3 322 210
87 350 49
13 54 87
13 10 868
80 550 839
4458 80 388
49 2105 10
48 688 22
26 809 94
4718 1002 368
1295 13 85
493 82 149
1310 299 6032
116 94 110
3734 1286 5576
1280 13 4718
189 190 2362
3 872 1221
22 224 9159
12934 278 1182
22 11 22978
48 15214 22
715 278 4800
10 156 657
1516 202 126
45 430 278
51 344 1072
49 1077 10
13 10 882
94 200 111
832 3 810
116 94 126
514 73 18393
3366 3391 315
10 4449 957
10 1738 45
13 10 4112
5880 111 2561
936 207 114
467 762 48
114 522 135
345 4527 194
13 10 887
93 94 1301
3304 3305 22
11 13 1570
1516 202 114
45 430 269
151 400 318
3801 2739 359
1352 8351 676
1182 500 215
1851 347 588
10 1738 13
1348 538 1195
430 79 219
13 7557 585
10 2089 957
10 2864 13
3766 49 746
11 829 49
1999 3561 1008
709 6405 149
151 13 10
318 13 10
10 190 13
26 1368 325
202 1248 114
22 57 841
268 3 516
5537 41 5877
2035 988 149
48 1753 1984
13 3 320
1032 11 49
2697 1280 13
13 604 22
824 1779 218
3148 482 835
2169 114 525
10 116 3
2880 2281 514
165 228 1452
218 1187 13
841 13 4852
26 809 49
10 601 1632
1155 1153 149
13 3 317
964 49 10
807 49 2632
13 245 1570
148 79 48
13 298 28
131 10 666
10 189 190
871 3731 1182
3 760 269
250 366 368
113 284 87
593 40 1334
278 40 114
10 514 11
13 5441 669
256 1612 1632
1167 1817 12018
57 49 10
1261 13 10
219 220 46
2815 4226 9972
10 514 22
44 474 188
10 1896 49
768 11 111
1487 582 792
248 165 10
1152 169 149
49 1361 10
1602 259 149
49 836 3
49 1601 48
2266 117 3
1570 500 570
12025 22 4416
13 11628 22
10 2478 13
461 22 10
87 175 49
237 3430 1911
1155 988 764
10 2948 13
459 380 22
48 760 887
219 220 61
735 4149 22
1368 535 28282
10 2948 49
13 599 26
2271 6238 3009
2623 13 10
1598 1603 536
760 559 48
94 3651 45
13 3419 514
116 48 22975
5837 957 26
328 357 725
13 599 11
2012 798 7247
3366 8183 3229
1161 1939 79
10 1163 291
860 1784 2397
202 1808 430
1602 1032 1330
3 892 13
10 18560 114
3899 3900 3728
5837 957 11
13 677 514
1535 3709 247
630 1167 656
1858 298 536
79 48 1274
3 1030 503
10 901 490
13 1841 7979
1338 7383 7864
526 22 527
10 4283 13
189 190 1124
217 482 2821
10 1163 271
79 45 219
514 87 47
3 1535 1155
94 3651 10
77 807 1841
3 4628 559
1211 871 1182
10 16313 278
3 1817 916
261 103 26
1231 13 10
6686 8384 116
8142 588 26
588 5243 114
10 116 11
10 116 13
48 344 1186
219 220 3820
1500 22 10
256 2167 3893
1955 303 10
325 326 329
189 190 957
1500 8724 5576
1602 212 503
1274 1155 1526
526 514 22
1940 1124 22
1731 325 326
646 6405 149
751 45 10
344 514 1221
10 83 13
13 3793 2535
130 26 100
5384 22 17063
1146 3366 2435
359 1310 299
420 487 10360
4889 13 213
26 92 721
325 326 317
10182 1158 240
87 1296 40
800 10 1901
503 109 13
3833 13 98
13 1293 669
261 103 49
268 111 79
688 165 2880
467 461 114
609 60 22
10 116 38
22 48 990
149 15 3
766 15 10
1471 739 588
1338 1798 215
1273 686 459
10 116 48
102 218 318
686 792 22
4397 1124 688
49 4458 10
22975 198 10
22975 2178 22
7668 482 3208
3358 941 22
2908 215 1332
48 1602 1032
582 2271 22
168 825 912
13 10 1836
514 1736 165
430 13702 3208
80 924 432
219 220 1202
190 1153 149
10 21137 3457
13 501 218
10 488 1270
807 630 1293
120 656 347
48 3 803
48 3 802
328 672 2362
92 116 492
454 1487 299
116 10 22976
1758 501 98
3 7 1862
92 218 3508
12376 482 10742
4372 725 13
2969 26 1075
759 630 1167
10 4671 2491
2595 22 536
10 2218 49
13 10593 15810
237 3434 3438
13 10 1858
11 22982 471
2576 798 297
516 11 40
3 271 13
10 3274 1338
278 3425 5043
94 836 111
5416 22 12153
3105 1807 2709
437 49 10
51 3 725
2037 1807 514
22 1120 1173
1030 503 278
13 494 149
45 87 40
487 1009 1535
10 1602 1186
10 269 219
3256 2880 688
1007 1008 297
437 49 220
555 712 15
15487 1914 297
3508 219 220
3416 13 10
1331 988 9700
836 111 79
4853 22 1878
3 15762 840
10 2167 544
3 1841 1075
3 328 218
103 79 11
1415 13 10
430 103 79
3038 198 1818
541 1334 798
3331 501 3331
1163 291 1940
48 2369 683
4568 296 2394
314 6417 26
10 463 13
430 278 11
87 10 77
278 40 22
220 3392 49
22 1602 1893
3 3501 13
10 1352 676
49 1024 3
13 10 2903
10 4372 725
25827 484 9242
61 38 140
1280 13 841
13 10 5186
318 48 1500
49 1505 10
3606 26 2243
10 1402 132
3 803 13
278 15 1796
902 2739 359
85 45 87
202 26 111
256 22 229
22 24892 482
559 40 114
45 10 460
3412 2210 792
13 1487 1120
503 116 117
114 10 25814
149 13 488
792 13 10
363 10307 796
79 48 3
474 3038 15
641 21191 13
3871 696 4789
964 49 1137
13 90 91
5051 131 1939
284 15 527
1723 269 48
26 10 1280
49 415 3
3402 3814 11
165 3 588
8086 6041 1711
611 111 3121
10 5455 19852
14917 514 792
812 759 1195
105 364 10
111 792 13
1602 1032 988
26 92 93
26 92 95
10 103 930
114 10 2439
114 135 397
860 484 278
13 10 18108
10 988 149
88 13 430
10 2167 4045
1338 1723 269
1177 3 803
94 30 1296
433 94 126
438 79 48
94 855 111
40 2218 2593
318 184 344
48 1798 601
10 361 48
190 1602 2035
10 3838 482
189 190 272
10 119 85
165 3105 1663
1715 22 461
870 983 165
1485 2153 22
931 630 3893
3 301 739
1655 87 10
202 1413 45
11 49 750
38 1654 49
10 156 13
8975 230 297
190 208 284
111 739 728
22 2594 986
10 3916 6310
1624 13 1008
725 2801 459
5429 13 11628
282 2388 13
22 192 1346
15 1402 514
420 900 13
739 1700 886
10 516 11
2435 2436 1124
18936 19372 799
10 516 13
860 1043 5029
1984 278 15
13 2690 752
3945 250 2119
3 322 559
1814 13 641
3 3934 13
7899 1570 570
276 10 641
3 322 516
1858 1054 298
1705 13627 194
10 7259 4450
80 1738 461
192 3830 15
10 336 324
1077 13 10
1194 555 2241
87 958 49
10360 1871 298
40 278 13
468 5097 149
114 5027 132
10 1610 13
264 434 114
467 592 669
229 22 256
3 322 535
36 11 437
3 746 1280
18469 1618 8930
913 914 370
94 268 10
1618 3229 1474
110 3 322
276 10 653
92 93 94
271 114 10
110 3 328
525 1657 45
13 5488 1096
762 48 640
45 94 1785
100 11 3
2230 1878 1371
111 2903 853
4919 45 1053
1570 500 3731
22 886 271
10 116 219
10 3038 116
298 28 22
278 40 233
4299 22 2358
49 3394 10
202 200 3
4642 22 4643
11 3 987
13 10 1590
3 1030 1120
206 207 114
117 149 1331
3 171 103
1032 1753 326
94 106 3
10 1176 765
22 10 23
1270 853 48
229 218 367
190 192 491
256 920 910
607 165 92
10 1370 646
100 11 40
430 1516 202
11 650 13
630 92 11
11203 192 1346
420 588 13
5907 40 1330
235 13 113
278 40 269
94 751 3
10 1500 4360
1176 49 115
1602 44 9972
10 1162 358
94 619 430
13 10 1554
292 6605 49
3 123 269
13 21842 22
1031 22 683
672 2362 3830
94 178 10
26 3421 1120
85 219 220
13 430 103
762 48 10
26 454 3396
588 26 21273
188 2435 391
184 871 11
655 295 656
648 434 16350
500 1758 13121
3462 810 216
38 1242 580
555 12733 1610
45 36 530
13 1368 1027
30 261 1296
100 11 10
4060 2211 126
1984 278 764
48 291 3389
212 13 3
555 1211 73
77 126 45
529 13 3793
10 10504 13
161 49 1077
2527 13 284
882 397 126
92 93 10
92 93 11
11 49 4458
7920 250 7359
26 92 664
347 3777 940
10 2049 656
10 16137 1984
1570 1211 871
6894 49 10
1273 1334 278
296 5501 764
3109 13 10
3 347 3777
10 1814 13
311 500 1341
259 1602 1186
1494 12012 712
48 149 49
988 40 269
92 116 22
22 872 2078
11 10 1280
1753 326 1124
1711 48 10
3 391 271
328 12847 87
13 10 1500
94 110 111
92 116 11
363 202 114
10 17651 5714
49 3717 1830
8186 13 10
13 8846 6946
2716 114 10
363 202 126
4304 2093 2107
3029 90 6040
80 924 3038
501 1204 871
48 605 2388
1781 1782 79
1243 10 1784
13 544 6144
206 207 175
10 1273 3892
261 161 15
198 1696 194
788 2078 461
15 1523 1154
49 3 966
219 220 3988
10 347 1180
22 10 4532
4048 13 3
129 77 807
114 10 1032
114 10 2369
1487 299 22
15 150 12176
48 840 3945
94 178 92
2035 148 1330
10 541 1090
3 793 48
10 1516 202
11 179 838
214 215 1332
420 487 1009
3891 964 49
1154 4385 22
527 725 2257
10 14853 1027
26 10 2624
3846 544 318
192 22 10
8911 26 1792
829 49 220
3561 1008 588
2218 593 40
79 13 2525
328 82 318
958 22 2456
768 11 3
669 13 10
347 8264 318
13 188 10
3 9993 588
110 111 79
3 602 1075
808 297 505
4653 40 582
3 328 2165
219 220 2695
26 10 1195
3005 485 912
3 1195 26
1280 13 941
318 30 261
202 26 3
420 151 3055
114 7977 514
111 4842 1346
10 9993 725
10 841 13
560 1258 762
131 282 2388
2454 192 1161
2901 779 117
1204 22 1182
10 2942 13
10 911 358
913 914 3038
860 1932 485
131 13 54
92 116 94
10 459 1258
10 10271 13
5618 13 10
10 1989 1500
8358 173 174
1383 520 49
806 807 2007
807 13 2982
312 3748 887
739 8902 3722
459 26 4060
1602 2035 514
48 738 10
3 1195 49
10 210 211
4091 9777 5525
49 45 13
1070 15 10
10 853 13
220 1702 49
559 48 149
193 10 3316
370 30 261
14853 5455 3038
1829 15 22972
12504 2942 22
434 2423 220
630 40 1297
559 48 156
10 2959 114
13 3 588
725 2801 514
736 792 13
40 1711 15
114 630 40
13 284 26
3 1487 3184
3850 1313 1382
787 588 13
2554 10 245
3108 1382 85
807 1310 22
1796 4767 515
4674 3307 2731
11 45 94
111 678 877
26 10 1163
884 1830 10
114 3340 2852
1313 22 2236
11 3994 49
609 22 494
48 13381 541
190 3943 3508
45 13 10
3 802 803
501 3331 500
11 1160 117
1894 11870 2394
2491 488 3000
964 49 1261
79 49 415
114 522 397
204 94 126
10 166 669
3 2038 13
1338 1339 3
218 1124 318
10 2903 151
2343 48 1526
26 10 3795
3 2369 13
45 10 536
30 261 161
3 966 2093
40 114 3
3 420 3097
1297 256 1711
3 322 468
1711 85 22
3 1858 1862
648 434 1136
110 111 269
13 1705 7638
165 3 488
688 6187 566
22 1487 2585
932 189 190
13 80 388
3 588 13
48 25648 25649
10 775 13
131 22 646
1792 77 807
278 40 14504
3533 15 2930
94 836 3
269 22 10
15 10 739
3187 49 1137
10 8422 8423
26 853 22
26 2039 3358
38 12175 6095
16144 808 303
5096 360 5835
10 7224 516
48 541 542
538 725 861
48 22980 11171
100 94 1937
219 220 8847
10 236 608
604 13 10
165 3 420
3 760 559
10 316 18726
998 582 116
362 474 2257
114 385 526
402 114 10
514 792 22
1338 1769 1939
432 1177 234
656 55 3358
441 1647 114
2167 2158 26
1280 13 5806
16561 5243 2274
38 3 12
322 559 48
1381 368 10
715 4059 2701
344 482 870
94 200 3
2235 13 2210
1800 26 10
10 1162 291
10 1082 13
11 3 3868
11 49 836
640 358 13
278 22 110
482 501 98
114 842 514
1742 538 211
48 1155 1914
154 22 561
49 10 1163
30 261 103
4060 535 299
328 2165 2093
3212 4821 15
10 82 1270
16137 1984 1799
26 22974 1120
34 15074 38
45 10 592
744 1022 49
202 48 1338
149 165 228
250 4941 3168
10 592 669
92 93 1488
15 3030 514
11 45 10
322 516 48
7721 22 8868
114 131 56
1382 85 48
189 190 3000
487 1602 2035
48 2727 197
2232 646 337
5047 2491 1799
211 1711 11
10 329 630
582 3402 244
4700 1158 26
149 3 218
766 1408 468
189 190 3012
149 189 190
11 45 36
1120 799 4897
985 641 117
380 49 119
2165 686 459
15 602 443
1261 2222 26
94 383 49
95 10 116
739 391 11
420 468 13
28 22 17548
49 750 3
49 901 22
3145 2731 114
9577 10041 116
4847 13 10
13 3 544
11 1751 13
11 38 478
10 6107 13
656 10 1352
140 13 10
22 5423 5425
641 13 10
1500 1933 2454
13 188 3
149 49 190
454 3012 149
3 1570 500
1331 988 3728
6412 40 114
3 2801 13
1796 3260 1083
725 9152 264
1570 500 1204
4981 4257 514
582 1330 22
11805 4351 79
998 22 8990
966 5345 5482
2549 5830 3402
10 154 2525
84 505 38
882 397 276
22 6978 149
318 22 3
10 2236 1090
2047 15 1753
10 5327 1795
26 80 2941
3012 149 114
318 505 38
161 26 3
764 13 10
26 527 882
743 48 10
13 1060 26
151 1700 3501
10 1733 1344
2960 715 523
26 359 1120
1258 810 688
1346 13 10
7840 22 6337
26 1792 4417
7725 8915 326
3 494 149
11075 2927 3815
22 9099 1275
116 3 2527
13 1402 514
91 79 100
3 1784 13
811 739 1284
3 2651 13
3 123 148
2695 38 3
10 1138 245
3 3868 155
1786 13 10
256 149 370
393 434 261
455 406 1154
957 13 10
48 1120 832
244 48 10
988 690 22
455 2491 1799
544 40 4897
92 1574 117
1602 468 688
22 8868 5838
116 13 1243
48 4186 5791
2918 1663 13827
1717 10 559
454 5080 1624
715 2167 120
10 970 659
6541 1241 149
45 430 516
1500 631 318
38 646 13
36 11 251
190 2210 278
6422 4819 1964
473 474 116
3838 1752 792
10 1089 1043
1215 192 11
13 10 1631
250 328 12847
10 151 13
1338 1950 116
10 295 825
580 13 10
48 385 841
161 26 10
966 9167 318
26 772 459
26 235 163
13 7110 7111
362 3730 2494
460 13 7899
8579 3294 535
3850 3391 315
739 781 13
10 1186 192
12399 8637 688
13 1120 832
10 721 198
13 430 269
48 630 40
5422 11062 765
440 26 10
10 463 85
559 48 1154
26 10 1215
3 6898 4895
3 1487 536
22 219 220
1867 111 1700
738 719 8911
440 8358 173
6435 149 22
3293 886 2126
10 463 79
432 15 80
1841 1310 91
9517 2680 114
218 886 271
1383 2243 2244
10 312 1154
26 609 5138
3 3313 478
1901 358 13
13 3 7196
772 1120 269
114 10 2242
1758 501 1204
48 92 1032
276 10 9787
26 15661 1338
430 103 516
2864 13 10
1970 22 362
149 85 48
269 49 1382
22 10 653
49 985 10
2038 13 5830
13 17167 599
807 1120 3880
1798 601 1124
1221 326 278
1753 534 1984
13 430 278
807 48 11805
3 1602 44
2614 2627 992
3 966 2019
467 218 17575
2494 1711 26
514 165 347
13 10 1602
10 3391 13
5043 40 114
3 1163 1958
13 10 1606
169 5472 99
48 10 116
10 242 2157
3340 38 3
22 538 1700
149 85 22
8037 22 1899
4748 3012 149
1070 15 344
1602 1186 582
1292 15 10
94 2265 3
2158 26 10
3255 4999 5447
48 1487 416
514 588 22
13 420 488
149 22 2653
22 4532 11
3421 2433 22
269 114 3
92 1510 94
430 269 114
811 812 363
2436 715 257
460 461 13
420 630 3680
7725 1618 2223
10 1903 1738
48 1490 3402
656 347 186
877 11 49
189 190 2093
80 550 1374
15 932 189
26 10 205
48 1700 688
359 1120 799
111 3709 26334
270 6300 6064
13 7899 1570
1943 13 10
515 276 45
45 36 11
1817 13 10
133 13 10
1801 117 10
49 80 550
3097 1155 1334
4352 48 344
49 1024 10
802 1807 13
1390 400 637
178 92 1599
1487 536 514
161 49 2632
1368 6041 318
2118 1489 792
26 2037 1807
514 4247 11
123 4674 48
2894 4355 8115
10 4667 13
13 291 3389
3108 1711 85
291 1940 272
165 249 442
13 6617 514
1382 26 1841
26 494 149
860 503 284
764 22 10782
10 44 11
363 202 276
111 79 45
77 807 25281
1270 45 11
49 10 116
10621 5588 10340
111 79 48
151 22 4257
798 988 79
26 235 527
111 79 49
3424 117 3911
3 1310 3508
22 527 514
178 10 116
10 3833 13
49 7245 344
1871 298 536
48 1274 1989
200 1840 637
49 10 2553
94 364 10
913 914 2072
488 503 22
10 11153 2215
10 1901 151
1124 1334 278
218 271 272
739 2072 13
93 94 200
149 22 1382
10 312 3748
85 48 22975
877 940 22
4359 2901 779
133 13 54
235 1618 3229
10 1459 13
49 10 98
1310 5880 111
194 114 10
322 468 13
94 751 833
11 10 77
276 45 10
10 4422 482
270 3 328
10 278 468
4842 1346 13
14056 22 14057
1459 40 3038
3 988 400
961 26 235
3782 13 20201
1880 1486 407
49 10 151
3758 1284 26
168 912 3999
49 10 154
48 233 149
179 368 347
10 17850 7181
871 550 159
49 10 158
5327 1602 1032
200 3 1229
1892 22 1602
1459 13 3845
100 219 220
114 823 9661
10 752 13
7721 26 3
415 111 4843
22245 13 22246
49 10 77
3105 725 3106
674 10 1280
1486 582 1031
10 488 2988
501 500 5602
680 1120 1386
49 10 79
10 1901 192
49 4840 2445
38 111 2343
3730 2494 688
22 94 219
10 4457 22899
61 834 15117
482 1500 8724
40 1535 1155
117 1841 1382
787 900 13
11432 2667 3008
36 49 111
22 3 527
10 4060 7725
13 10 1399
430 866 12
3 2070 13
93 94 268
13 10 1383
111 15315 559
22 855 3
1022 49 10
284 219 220
10198 529 1167
22 94 276
36 11 678
45 430 79
677 22 579
49 10 1280
577 825 337
219 220 5024
10 2748 13
3277 5537 41
110 3 559
515 276 10
10 166 391
495 3815 570
2757 45 1125
13 5830 514
13 1253 677
48 1526 5138
10 990 3293
198 1818 48
1186 988 764
111 6076 536
2860 114 1733
385 1516 22
1792 2717 2248
1120 799 1275
30 261 428
3 471 3174
1705 561 3416
1349 3865 277
93 94 178
1858 2810 2008
7887 7888 930
13 10 1352
924 565 22
22 3421 3422
1893 1894 1895
988 149 85
11574 244 40
10319 49 220
516 40 114
3406 686 1458
810 688 278
2260 2593 244
1896 514 688
190 192 2625
210 3181 48
126 45 744
555 13 10
10 468 13
110 3 516
798 9463 432
26 4342 712
807 25281 13
1301 114 10
48 478 1382
388 13 10
207 94 110
1902 303 4239
220 6778 49
534 317 278
85 48 828
3 2382 278
3951 49 10
123 12294 11815
13820 17799 2012
727 2093 149
22974 1120 1173
13 10 1368
957 26 10
3340 8142 588
13 10 1370
13 189 190
1602 1893 1894
256 1711 48
256 1711 49
4532 136 13
13 3 10593
256 1711 79
751 10 83
48 4268 3627
219 220 2812
22 91 15267
111 269 48
111 269 49
1334 6597 13
111 269 45
10 4372 13
26 496 555
111 269 40
10 7672 2093
1784 825 912
10 391 13
79 48 3366
7722 744 677
13490 2152 482
48 4478 7126
358 22 2377
10 1124 116
988 149 22
6778 49 111
111 807 13
1368 82 1711
15 1229 2466
4640 1404 516
2105 10 5525
3366 3340 8142
13 10 1332
2893 2942 11
49 674 10
3 1155 3950
123 148 516
3880 22973 38
4060 7725 8915
1647 114 10
117 3 680
10 278 482
256 1711 85
10 357 358
514 1081 764
237 1158 12137
3 1368 1958
1841 3414 22
4165 1807 13
11171 2178 11
10 25814 2092
391 916 688
455 159 503
8422 8423 278
10 1806 1807
527 882 4060
22 2417 13
8013 8051 4884
198 10 866
1338 1339 1330
45 10 607
94 110 347
168 169 91
40 14504 2936
328 3564 149
861 189 190
2506 1221 799
10 208 13
1490 1311 149
1488 3 322
10 432 13
630 13 10
882 4060 2211
26 3 1707
94 415 3
744 1810 15
1555 3424 3415
3882 1702 49
189 550 631
1769 6558 79
7725 18653 967
26 1602 6685
3 468 13
3 5822 49
92 2119 22
49 2632 10
1911 22 3402
48 513 3
1173 3038 26
13 92 269
10 2045 13
385 526 22
92 183 94
207 771 1792
94 1741 110
886 271 491
550 1368 1958
49 3958 49
2093 2969 26
48 3564 4225
768 1867 111
26 10 278
4658 3182 10
4645 13 57
646 656 10
2099 1243 151
2023 49 10
292 434 220
202 126 10
2830 1841 299
189 924 432
26 10 268
92 1259 49
202 114 10
272 1784 13
1229 792 13
84 13 10
10 808 271
192 2625 15
48 344 320
13 278 1818
1370 646 219
26 235 465
1769 1051 1911
1742 696 49
10 1500 1933
714 715 1700
165 3 49
26 10 244
192 2625 22
26 314 114
10 4491 26922
87 22979 471
1602 1032 85
3 10593 4206
22 126 277
347 877 2119
3 1081 13
49 10 206
49 1937 92
1353 7666 13
3875 15 150
11 2108 48
219 4787 10
10 3798 13
218 318 87
26 80 550
26 3 1535
1261 26 1382
3412 1988 318
3 12051 48
3441 40 1334
10 245 13
10 18469 1618
87 57 49
1984 318 48
33 22 14376
986 690 22
110 111 478
11356 19810 1964
26 1487 299
49 276 10
329 514 22
514 358 22
126 45 3
10 2369 555
13 10 77
202 126 45
13 10 79
295 825 5821
49 654 3
26 10 328
1627 26 10
535 1273 329
23938 40 269
22 561 3117
276 10 2536
117 3 2210
420 3097 1153
1894 16046 198
403 94 268
602 3004 48
1984 318 22
10 911 3407
13 10 85
672 3801 2739
3014 190 3691
48 3277 5537
45 393 261
535 1273 318
932 739 3170
13 1799 3556
26 10 316
1120 269 49
510 2894 4355
26 514 1573
245 13 10
10 369 151
10 347 85
2466 3 460
10 2880 1733
269 219 220
3731 1182 48
10 561 957
1838 117 3
114 527 882
744 1810 49
92 11 3
1384 4841 26
13 57 841
637 3 1618
3 13490 924
94 2636 3
3 932 739
10787 1338 1008
79 15 10
22 252 347
10 9353 9354
11 2108 26
404 13 3
1182 5602 3731
84 13 823
990 2527 13
415 10 230
100 94 6576
85 26 10
26 100 94
45 768 87
1195 26 10
26 238 94
743 4819 22
4848 607 165
196 359 1120
370 26 10
358 219 220
13 2121 1736
26 923 924
1034 13 1035
1933 2454 192
6830 5288 26
3704 10477 244
49 10 1352
8495 25388 2487
3184 764 799
808 964 49
40 269 184
22 788 762
10 2369 20178
493 781 13
13 3 766
13 3730 2494
13 3029 14756
93 94 110
1478 22 777
1602 877 459
1648 5610 1176
48 359 1120
10 1190 13
210 5917 6572
13 1253 514
49 10 294
93 94 126
1338 1134 2323
85 49 1937
656 347 210
460 15 3187
17651 5714 10166
561 1984 318
9825 315 48
3 1120 3592
45 744 10
3 1817 580
2023 49 206
149 79 45
3 1280 13
10 291 6979
710 13 10
149 79 48
2223 2224 967
1984 318 11
278 87 40
13 10 13141
1911 26 2037
380 13 10
775 22 774
7181 3169 22
10 1781 1782
1577 45 10
2966 1146 2090
94 219 1232
94 597 3
45 94 219
4507 798 4676
110 3 468
51 3 391
6076 3208 1335
2491 5554 1911
2477 1986 3
1807 2686 2056
218 318 48
314 485 486
12813 15 3187
5485 7195 7196
49 456 10
420 487 8682
13 80 550
13 3 798
10 612 2343
199 48 149
430 363 95
1700 3402 26
211 13 10
38 478 38
199 13 10
238 94 915
49 92 1510
26 100 10
1602 1186 459
26 238 10
1711 79 48
488 798 988
220 780 117
149 22 503
45 1053 442
36 11 464
1273 535 318
22976 116 22
238 94 836
488 3000 22
985 10 641
3 4853 244
1851 10 189
26 630 1379
936 207 26
48 80 924
7480 1051 1911
149 79 11
7071 514 22
149 22 514
1487 22 2587
500 1182 22
1612 1632 45
455 159 459
1176 656 10
26 111 454
40 988 764
6685 6686 116
296 13 1315
13 544 4934
149 22 527
22 2013 36
550 256 432
10 1280 13
92 273 48
10 1231 48
1840 11 45
11 22980 22981
941 22 4459
3420 1154 40
344 1072 49
94 750 45
4671 2191 4307
413 40 114
51 344 725
391 49 6095
544 6144 303
380 22 653
1914 278 11
1858 2810 494
3 20275 1313
1506 656 55
3331 1338 5638
184 768 11
1841 1984 318
278 6310 85
117 270 3
886 13 1154
13 2739 28
16635 26 16695
588 13 2091
48 738 111
1086 230 503
792 13 22346
111 3074 49
4851 940 114
26 10312 3038
3038 26 420
10 1176 656
370 87 3888
641 12156 3963
11 464 49
49 988 764
446 2369 683
10 1989 514
13 430 468
4060 190 2210
7329 173 174
641 773 45
13 278 40
1338 3730 2494
744 768 1867
276 10 1197
727 57 841
488 3000 85
114 420 487
40 559 48
13 832 3
516 48 149
1243 151 5531
10 840 825
1958 278 48
26 505 318
11099 165 2654
26 4342 2709
2867 3049 1176
10 1774 22
10 168 825
22 10 806
3731 1242 2152
9199 566 13
26 45 265
48 538 151
1602 2035 1330
13 168 604
165 228 676
13 1999 297
111 3074 13
2585 26 299
1535 1155 1486
49 1241 149
198 133 1966
766 3 1894
2434 11075 2927
49 111 739
13 1012 514
49 1937 10
1055 165 10
49 1061 10
10 6750 400
10 119 370
10 8013 8051
168 14056 22
1607 13 10
2167 544 11
914 370 48
781 13 10
10 22976 116
10 558 13
496 1310 3533
220 1011 49
49 1937 36
3818 2242 278
49 1434 10
13 10 1408
40 3716 2121
886 271 560
725 2801 1330
20681 997 11
22 2158 13
370 30 416
1753 326 3691
125 45 10
4047 4048 13
7611 22 6893
911 3407 13
3 527 882
114 10 4671
1906 772 1081
10 103 559
1663 13827 3668
10 2439 566
940 48 928
26 10 392
759 1008 1624
91 117 2343
13 2167 9777
278 10 116
641 117 1181
48 760 1310
22 90 1310
189 190 520
1019 38 3
3130 216 40
1155 1486 1031
1368 325 1369
49 1085 10
2852 114 5027
13 488 3000
13 738 3
415 1607 100
955 15 1738
13 503 284
860 536 1215
10 63 13
10 80 550
955 11 49
13 1570 500
1204 871 500
1154 1173 988
186 358 1211
727 228 683
2717 1090 491
10 1231 13
2382 318 13
189 190 506
10 1602 2035
393 261 2581
488 7247 506
40 2966 1146
10 1399 22
114 10 460
798 15831 6570
6285 8495 7248
10 103 516
26 1841 318
22 110 3
514 165 10
190 272 13
13 3399 2731
828 5416 6590
17957 3533 22
94 252 10
1490 1154 690
10 103 503
5304 1221 588
3 787 1280
10 1471 5345
22 514 1335
111 4843 3012
825 2178 22
79 48 738
2121 11 49
79 48 10
725 13 10
886 271 272
49 4350 1444
10 79 393
654 3 1120
10 1261 13
771 1792 77
49 619 10
10 1399 13
347 212 297
114 10 432
1152 244 2593
13 10 11994
49 111 101
10 7887 7888
3850 1382 85
13 2093 370
94 276 10
10 1383 358
105 220 161
1417 3 766
385 823 22
272 13 10
269 11 45
783 45 10
94 204 110
957 2942 26
269 11 40
4651 931 230
13618 582 22
269 11 49
267 51 344
1340 1341 49
51 344 151
2959 244 48
11 4700 48
1177 237 1836
10 5107 1176
169 244 48
114 385 842
478 1284 22
1570 501 871
49 415 10
94 204 106
459 79 48
26 1535 1155
3367 212 1471
11 1340 471
10 278 40
1792 218 318
3 760 887
15 939 250
3892 765 82
1262 13 10
10 514 3721
1707 1607 13
407 269 49
525 114 526
525 114 527
1807 22 3105
3951 49 3
1988 455 5720
877 13 10
478 22 838
3 249 80
1679 10 459
2561 1407 13
276 45 430
582 2514 22
10 8159 22
5482 1871 298
4059 2701 299
555 13 3
300 26 10
94 204 126
270 3945 250
11 111 454
10 291 13
15 860 2380
10 446 85
3 123 79
1840 637 10
3 887 1173
1368 988 318
26 936 1299
1330 22 5618
1618 2135 630
13 2514 1154
22 659 963
762 13 10
2706 49 10
94 276 45
13 295 825
446 531 744
22 3014 190
3307 90 3875
1280 13 432
12087 4972 22
866 12 11
599 11 1705
314 1119 484
3030 1163 514
79 48 92
10 1258 964
1958 764 26
206 1106 430
48 544 3264
10 493 3931
87 1702 49
1858 2382 318
114 842 22
1280 13 9058
329 630 26
527 882 867
94 456 10
214 215 208
214 215 209
114 159 3000
3 189 190
11171 22 48
6153 15 28267
273 48 605
329 630 13
13 2739 3504
454 473 474
570 1182 1184
582 765 2880
15 842 38
3235 741 49
26 1526 688
3097 6153 15
570 3043 608
685 555 712
13 10 1162
870 11 3
9002 1984 318
430 467 461
2731 40 114
229 230 304
1155 291 3389
1648 1938 215
2362 725 2801
10 765 514
4917 1984 278
1535 1155 149
51 1502 725
839 489 233
12 11 45
165 9002 1487
501 570 570
5602 3731 500
2679 11 1248
10 3340 38
892 13 8857
500 5602 1182
6451 6452 2903
21118 2152 870
13381 541 546
1259 49 3
10 1774 1261
26 2023 49
26 92 278
114 2119 49
1032 988 764
48 347 880
10 61 834
165 2880 4870
1253 514 165
8159 22 5602
2514 40 986
11 3 560
494 149 284
13 10 1163
2379 114 1211
26 711 234
22 27345 87
10 8033 87
5986 460 208
43 2275 117
500 1182 204
367 781 13
656 347 1384
10 319 3462
13826 10 932
1331 1368 278
1155 1798 601
370 505 38
853 26 823
344 725 9152
3717 11 45
2716 8495 25388
501 500 3731
677 588 5243
149 85 505
588 3533 15
3 210 503
10 926 13
711 712 15
26 92 207
209 2435 2436
8495 2084 6412
2717 2248 677
15 1796 1794
362 1382 370
460 762 48
561 7044 323
2369 683 841
3425 5043 40
13 430 516
940 1851 347
9715 1526 688
110 3 760
10 50 13
1430 544 318
94 751 10
488 535 536
2877 13 10
719 3229 887
5043 656 636
1602 2035 189
8144 8145 1332
765 325 326
1841 1382 26
184 10 1384
1602 2035 183
10 325 326
103 516 530
2013 36 49
15 19968 10642
26 505 465
514 22 10
213 10 5911
10 892 13
48 10 404
48 3 4112
119 544 40
778 198 100
656 514 1736
957 13 3
415 565 388
10 1711 48
114 4231 132
51 10 668
4917 1984 318
26 759 514
1280 13 348
861 210 208
149 269 45
5482 3108 1711
1711 48 3
117 3796 10
149 269 48
149 269 49
3300 13 2899
10 3274 8011
10 887 4247
26 3 514
219 220 1741
3 2678 559
725 861 2585
13 798 2967
10 878 404
13 430 559
1007 808 297
15 3 80
117 3 442
929 494 149
278 49 1886
13 10 2415
3 5646 2210
2678 2044 13
10 2867 1280
516 2220 10
2793 165 3105
10 1332 1209
103 26 10
1334 278 48
860 256 1711
149 270 10
1867 49 178
13 4129 1257
114 2492 916
1871 1054 298
646 2274 131
49 50 505
10 1030 2378
10 1035 13
111 478 664
272 49 10
169 244 13
10 739 2273
10 4667 601
2649 1163 690
10 3274 13
3963 1878 792
577 1211 808
26 3 544
5083 727 228
10 3950 11
1511 3 123
10 1123 161
1779 218 318
3 840 4889
454 6686 149
10 541 358
1487 116 513
15 798 4848
2680 114 1531
49 220 4397
6084 45 10
838 664 48
36 3594 724
514 1573 867
10 169 5472
10 1195 13
49 229 83
11 1340 1341
825 336 1258
10 3130 215
1602 1032 488
1138 2870 1241
3 80 1738
168 169 8272
928 929 494
328 256 432
727 2369 3779
1838 38 3
244 40 5845
10 710 13
114 10 369
3900 3728 13
764 26 80
10 1371 482
914 561 1711
10 6558 681
26 685 555
768 393 261
94 751 45
13 3 1310
1792 218 278
1280 13 4129
915 10 116
3048 40 1487
646 51 3
969 637 1601
48 606 8251
8868 5838 712
493 84 13
710 2651 299
1894 4261 247
887 4247 169
669 13 1241
669 13 1243
366 368 23
825 912 85
500 70 27048
1602 2035 149
609 3665 205
1602 2035 148
1602 1032 455
10 1338 18225
278 149 22
769 26 10
3937 9014 2720
276 10 2789
10 158 400
494 149 370
116 22 126
2584 13 10
210 503 284
966 2093 1075
10 294 3722
9984 22 1436
10 1167 149
5618 2222 22
10566 7956 22
291 2533 49
80 550 203
369 151 13
86 151 13
3 1229 559
1205 2118 1489
2894 1590 11
26 420 630
49 344 23
4653 13836 13837
1911 853 48
3 460 13
10 2756 460
494 149 22
111 503 116
38 3 725
360 913 914
3014 2093 506
26 774 588
10 2747 13
2826 49 10
5821 5822 370
1338 1339 22
45 10 103
10 1932 544
48 2343 48
93 94 3326
640 2248 1711
4242 40 514
10 2717 336
1154 656 514
2981 49 10
1011 49 3
49 278 10
10 1489 7905
2475 6785 2362
10 957 13
10 2849 13
605 5651 5073
391 739 3038
494 149 85
10 544 4673
10 367 781
10504 13 5618
4667 601 2655
22 276 34
15 3187 49
544 3307 1124
3 2530 1880
489 490 491
92 216 1663
514 48 677
347 151 13
163 505 38
123 1295 13
48 2343 26
463 1679 351
4088 1154 712
22 276 45
116 13 738
3478 22 6935
2150 1467 1382
6978 988 149
87 47 22
13 432 11
295 825 315
26 582 688
524 1344 22
114 10 1459
10 16144 808
10 1368 271
94 126 277
301 8773 1711
22 252 111
3012 149 15
349 1752 318
13 432 22
5422 3413 278
10 3005 912
430 853 11
1535 1155 291
501 1204 48
1186 400 566
2167 957 149
11 840 49
1190 379 44
13 131 464
368 10 680
404 184 10
101 49 10
10 1602 924
10 489 1124
3730 2494 544
116 38 3
10 359 360
4673 40 2731
1167 149 15
1950 90 2942
10 514 1257
328 3785 8639
3 544 15
488 2160 318
4787 10 1711
347 186 2616
269 184 10
527 882 1374
599 219 220
40 5845 1914
49 11106 49
1167 149 26
182 116 26
5618 2222 85
49 2232 646
535 269 49
165 10 1352
150 592 792
1217 368 10
111 1516 2178
149 781 13
1487 2593 116
38 5813 527
3105 3038 5331
1054 298 299
10 11067 17957
204 220 161
1602 44 247
120 716 841
26 92 183
362 886 337
111 44 49
3 988 12298
212 271 11
746 26 1204
220 222 221
1769 4919 45
111 44 45
92 93 2326
48 92 468
45 10 116
282 527 882
385 2918 1807
3 467 461
189 550 3829
13 10 1280
478 368 10
162 1486 120
17463 27502 2793
778 114 10
2582 85 48
3332 1338 1339
10 2516 13
49 430 630
6163 6164 278
1486 407 559
48 527 882
966 6350 3751
45 10 123
208 13 10
455 159 149
261 1850 49
10 1171 1446
38 111 2213
49 1130 420
1090 1784 825
536 1215 26
26 3 4853
3526 26 10
3 743 4819
26 7329 173
10 6154 269
13082 19502 3208
2435 2436 116
514 3934 116
1211 22 1211
772 913 914
94 95 10
2885 913 914
2220 10 5348
110 3 680
90 115 284
256 582 5806
10 1573 13
20212 1338 1339
2880 688 165
10 123 278
3 1273 1334
1280 13 525
17548 2901 779
441 3 787
3838 482 926
7151 482 1176
393 261 3
22 45 113
5064 771 117
855 3 386
151 2646 26
13 151 13
26 454 19139
15025 1674 1675
126 45 646
3 1715 22
1792 4417 711
6417 26 24511
712 13 282
13 10 2553
1273 3892 765
22 1899 7589
94 590 10
987 269 11
500 209 362
218 1613 244
877 2119 4851
218 1613 247
656 10 4845
4457 278 83
493 1914 116
26 233 149
13 641 12156
1871 298 299
261 2581 1528
26 10 1618
13 430 630
542 13 28
13 21536 515
11 766 117
4037 48 10
22 250 1711
3 1244 90
3 1589 13
10 359 4806
303 3 588
94 2632 45
1168 165 10
297 505 38
478 3000 2133
11 49 1024
13 912 1262
10 536 15
656 10 4848
10 1784 13
928 929 514
2035 189 190
3945 1205 18126
10 2091 13
13 10 3850
298 536 49
6084 49 220
13 1008 297
10 1215 192
10 3184 13
936 1508 26
48 10 529
656 725 2801
219 220 1838
14388 2534 1500
13819 8159 13978
516 530 10
347 1711 741
1255 49 3
1602 259 1602
766 1500 22
147 988 149
13 527 882
1599 26 2039
15 1802 218
482 501 871
1602 44 149
1516 202 1808
3581 250 4941
36 11 6084
838 22 478
1344 13 10
358 303 10
116 48 100
10 3606 26
3709 26334 13054
189 550 957
49 220 3
48 1383 1382
26 1119 1487
10 1459 45
13 10 1204
16046 198 2412
860 2477 3713
3838 1186 400
235 527 882
256 49 229
48 10 514
149 40 269
678 1599 26
344 15 34
10 103 370
494 149 413
3584 20849 491
15 111 4440
119 2472 1258
78 269 49
1258 964 49
10360 4029 12850
787 1415 13
192 11 13
1785 10 151
1830 5140 2074
930 22 855
2830 4457 1607
1154 1624 1330
45 505 3
26 3 420
22 501 15666
45 2220 1570
360 544 278
80 550 284
1546 94 642
10 710 663
168 169 170
5109 250 328
10039 8051 4884
802 803 13
7477 44 91
13 10 3838
467 762 114
7899 1570 1211
10 3705 544
3 13063 2623
318 48 890
6647 22 7399
1798 601 2008
1340 1341 26
4150 2435 2436
10 149 116
48 192 2625
467 725 669
2153 22 2158
10 4845 22
588 13 4844
1375 988 764
508 7007 1203
45 26 760
10 926 400
49 173 174
2961 2962 1177
1774 22 10
488 988 149
13 1490 636
955 13 10
446 370 26
11106 49 26
80 550 232
22 648 434
198 10 2446
3 5155 13
524 5429 13
886 271 370
111 2561 123
1280 13 5315
3331 1182 5602
362 19228 19229
235 13 10
432 4588 165
2492 916 2487
2378 358 22
609 3702 491
4944 12045 3359
2654 26 2071
26 3 468
1154 2595 22
12012 712 26
10 8051 4884
641 22 2602
10 3014 912
123 79 48
446 370 48
1546 94 684
1487 3184 1446
114 10 245
94 1511 10
10 212 271
860 912 486
87 2598 22
1711 22 2883
10 206 151
3038 22 149
2880 1458 676
123 468 13
1257 22 636
361 49 220
335 2810 2008
774 588 91
10 2415 1590
535 1241 149
872 1244 22
80 550 218
798 4676 2731
10 1731 325
49 126 45
430 278 165
94 597 111
11 77 807
94 855 3
4850 13 1607
1679 10 641
40 2918 13759
10 2248 781
20429 6255 22
269 49 156
3858 3097 149
1331 4789 1313
913 914 561
12754 1088 9951
912 233 149
544 4835 79
202 276 45
10 1368 6726
48 1368 325
760 887 880
898 13 1154
3820 38 3
92 988 400
10 15398 13
4628 688 278
344 2035 22
244 48 4478
1310 40 7477
219 220 221
294 117 430
219 220 222
10 3014 2093
98 463 1906
278 40 2417
714 715 11289
10 514 3934
10 278 1231
48 2594 986
1330 22 18126
3 322 79
132 165 10
48 344 810
10 1313 5049
48 235 1618
2484 22 24892
11 1507 117
45 1260 10
114 282 527
3306 8911 26
175 3108 1382
6107 13 10
3 1858 149
24676 13 3
6729 1209 503
514 219 220
1602 1186 149
117 10 278
10 5848 1280
77 807 3679
27705 22 16308
488 192 1346
1602 1032 759
500 2429 5638
15 10 668
1270 13 10
2274 131 22
725 746 26
836 111 478
1474 45 87
11 111 678
3 787 588
12999 3 8493
10 886 13
932 646 6405
94 105 751
2152 870 8159
94 268 111
1618 2223 2224
3 2678 2044
2677 467 461
3 322 22
860 3005 912
149 26 10
455 488 3000
49 151 13
207 1867 49
760 887 848
13 514 4247
1186 400 4049
40 114 2492
3548 468 13
2119 22 10
513 1382 841
45 10 278
2624 13 1700
48 760 5384
1009 1535 2476
270 1731 325
219 220 6778
51 10 3274
36 219 220
22 611 3
2516 49 1510
725 2801 688
3683 38 3
807 49 985
3 1008 271
1280 13 673
525 15 842
1280 13 677
1280 13 676
12021 810 712
55 3358 941
1338 6225 1075
10 463 437
690 22 5138
10 560 1258
48 725 2801
19708 173 174
79 45 2220
1711 22 10461
278 1297 6597
530 151 13
282 250 179
11 6084 45
1717 344 291
244 13 3793
842 38 61
51 344 337
3304 536 40
760 5384 22
268 1516 202
5896 1097 15
15 34 3258
3433 22 1160
500 1211 1758
420 487 1707
13 10 2242
114 10 23
48 100 10
166 1675 278
77 807 630
317 13 1753
1089 1043 1186
13 3 1097
1221 326 853
96 13 3
3 538 725
4718 871 192
2210 278 48
70 3581 250
400 22 725
6669 13 1253
117 24966 17
45 10 245
286 40 1711
646 468 149
5185 2352 554
1032 10593 258
3 5557 3508
630 1270 45
840 988 764
3 291 1751
10 641 808
209 98 2241
9159 22 224
438 3293 886
13 1243 10
10 923 318
48 22975 198
12019 12021 810
13 1841 3533
10 4312 813
149 15 727
525 114 385
430 103 24294
10 12 13
219 415 3
4088 1154 685
3 328 1999
471 22 4532
1158 1444 4349
359 798 392
13 1792 12012
10 2230 1506
49 30 3
48 328 82
10 1869 4091
605 15295 81
1205 1932 3070
190 192 272
454 210 503
3 2693 664
10 4091 9777
1495 13 1384
10 24166 940
244 40 114
420 487 527
40 9890 554
149 1331 4789
217 8298 514
1817 916 4889
744 4397 15
10 230 271
347 527 882
168 1591 1754
4532 11 22980
10 688 380
4849 13 10
11 61 437
3366 2477 6935
10 446 244
474 188 114
3957 2507 11
268 26 10
48 149 165
1154 685 555
150 860 2477
3 109 13
13 430 760
10 2789 13
656 20429 6255
219 220 1948
2388 13 1293
10 103 278
26 3 1280
12184 2899 436
491 13 10
3 2491 13
13 493 2748
10 463 464
1012 22 538
430 516 393
725 4820 1344
2594 986 85
117 1339 13
739 5837 957
2191 22 672
13 10 4819
48 149 189
783 38 49
10 103 269
10 210 8164
2535 13 1078
2867 1280 13
10 3850 536
646 219 415
1280 13 599
454 2093 764
93 1488 111
1970 3850 1382
10 739 1138
11 1948 179
49 267 111
48 149 1231
808 297 45
2369 683 646
1155 2218 593
210 211 13
12423 482 13820
10 446 202
924 1878 792
3 5485 7195
842 22 527
149 3 1769
3 78 269
420 487 582
235 49 646
860 912 503
26 4254 6976
10 739 2445
26 385 10
2152 870 3274
680 79 48
1027 2265 10
381 696 367
111 1360 326
11918 218 3504
26 420 487
1119 484 485
10 3734 1286
500 3331 500
38 3 5111
219 220 161
13160 7151 482
430 278 219
318 13 609
48 913 914
746 725 4526
2093 1939 22
1341 1009 284
10 1940 808
10 149 79
886 271 26
85 505 38
788 461 114
4060 22 1602
2747 13 1186
9654 490 278
1751 1752 792
13 10 7087
49 788 461
48 14917 514
9353 9354 278
22 36 11
739 3218 299
49 1261 26
45 92 116
10 1495 13
4328 6015 26
10 4921 1784
10 5911 1258
17202 22 8177
10 149 13
725 79 48
268 111 269
4470 1195 515
2278 988 2222
114 347 527
1190 22 4038
38 3 630
114 10 1280
10 2380 13
3 787 1415
393 1850 45
430 955 11
3414 22 5073
157 1932 149
393 3310 111
2243 2244 1382
1899 1711 4265
220 1022 49
1241 1817 491
10 9463 3399
501 218 318
22 268 3
1332 1209 26
117 149 3
609 1490 244
10 3858 3097
22 3145 11629
26 1602 259
26 10 2877
98 8900 45
10 806 3869
179 478 368
10 739 1195
430 269 530
111 2584 13
22 455 488
484 485 486
10 2072 13
278 11 766
2667 3008 10
5848 1280 48
10 566 13
570 3225 49
2265 10 24457
219 870 983
3 1229 792
26 1487 5899
11805 316 79
79 114 522
463 77 1711
15 3 420
10 2198 13
3483 13 4112
525 40 114
2880 4870 656
10 79 49
739 1186 807
739 886 271
3481 11 646
3 766 1280
229 230 231
13 10 7243
10 542 22
1382 79 48
646 924 565
11 103 49
1607 13 1384
2127 15 218
10 5845 278
3187 49 3
13 1841 318
2230 2231 1330
94 1301 114
10 668 38
11 49 200
1810 49 3
6972 1182 18586
520 49 10
2012 51 510
1602 6685 6686
114 296 5501
1459 45 10
15074 38 61
48 1167 149
630 1830 10
6859 22 3627
13 344 677
269 48 688
3108 49 267
10 607 79
10192 2037 286
48 727 259
916 688 79
362 1382 85
10 1344 13
45 3 468
1386 30 261
538 725 2595
22 1261 500
1154 588 2942
1382 22 149
10 391 916
48 727 230
988 2399 49
10396 482 743
11 646 924
94 105 855
13 3 1163
13 1896 514
165 1221 326
10 1368 400
2280 49 10
13 10 1075
13 420 3097
3627 26 4254
10 4789 1313
3 686 656
2180 1446 1215
1570 1211 1182
10 1487 2593
10 1258 810
5599 3437 116
48 1526 163
592 245 1204
10 3316 96
2877 765 4457
1273 2880 1733
26 1446 1215
446 641 114
420 487 1602
646 40 114
10 294 370
1602 44 474
13 1607 294
860 272 284
269 11 249
454 6558 85
25281 13 774
40 114 34
13 1162 2988
1510 49 1510
10 2936 656
26 3 1155
489 739 554
4841 26 3
367 779 13
189 190 192
40 114 92
2701 2121 26
211 13 488
10 1490 1595
22 494 149
505 38 3
7371 482 1500
860 920 4698
2717 3097 1330
13 149 10
588 13 6052
10 79 219
22 393 261
715 1700 4784
10 5422 22
15398 13 10
22981 471 22
2717 1338 1723
434 21173 2654
26 2243 2244
49 111 240
207 393 261
10 529 13
151 400 1711
22 6893 6887
13 10 1055
13 113 85
1602 544 7764
10 3782 13
114 3 1334
103 24294 244
48 131 1338
463 13 430
10 79 11
13893 318 415
10 5324 116
940 393 467
22 45 385
1738 13 10
494 149 163
2049 15 10
9729 2647 1733
1841 318 45
13 464 3791
15 3462 367
3 4165 1807
13 1570 1204
1368 1334 318
16308 40 2966
94 5362 10
5155 40 1241
103 516 219
13 766 2731
94 915 3
3274 1338 1176
1419 49 10
87 40 114
20635 6435 21148
675 6422 4819
430 516 219
114 612 3441
6452 2903 6453
13282 26 2709
2848 13 10
22 3 5221
1334 40 4800
126 45 21013
3210 227 247
1182 501 1204
126 45 92
6255 22 16024
126 45 94
2513 4355 2679
10 44 482
931 1894 4245
656 347 604
724 13 592
140 432 15
1186 582 688
609 617 149
48 505 284
40 114 10
48 100 94
230 297 45
630 1167 48
715 335 2810
561 3117 13893
347 880 709
1474 1281 10
10 503 116
10 11356 1446
966 44 3957
10 103 22413
219 750 3
22 18126 1911
51 10 781
45 92 216
45 92 218
114 3 803
602 5422 1407
454 1375 988
4247 1310 3533
514 4072 15
3 630 1270
38 3 588
114 3 1280
3838 1752 1124
22 168 169
10 1153 2362
4697 913 914
126 45 430
26 1490 3402
777 3325 48
23122 102 1160
48 1382 26
4840 2445 432
237 1009 194
760 77 807
482 3731 1182
4671 22 12328
3 1769 4919
860 1383 1382
2178 116 10
48 363 1817
535 299 22
1841 3038 284
26 1032 641
10 149 326
93 1488 3
931 230 297
3 278 165
190 13 10
768 30 261
11 1948 1002
656 168 3875
45 92 269
10 392 13
10 288 1512
49 415 49
1186 455 459
3829 1330 15
3 7 244
385 842 22
7305 1733 149
11 646 13
10 3005 1313
1374 26 100
5083 468 358
13 2218 2798
1914 278 165
257 13 210
10848 1689 514
45 36 219
126 45 10
26 1623 1446
219 220 294
1022 49 3
2039 13 10
19025 2686 459
10 380 13
983 165 3
10 510 4762
5324 116 13
798 7979 17485
3105 1663 508
1602 82 514
3 416 2093
26 1204 22
48 278 764
13 2210 21582
38 10 463
3 630 1293
149 165 11373
3 278 129
126 45 36
114 10 1163
85 48 2708
40 1241 149
40 582 688
1211 1758 501
335 10327 96
10 4848 607
3 4700 1158
26 1602 44
2274 1798 601
10 7087 278
10 404 744
10 2336 13
765 2880 120
85 30 261
48 80 550
79 11 40
493 83 13
210 503 116
15 51 510
38 3 538
318 48 602
26 3 238
10 988 2399
26 10 2747
13 10 8489
48 760 1769
85 48 1400
219 220 6907
7224 272 48
165 4089 3249
26 488 1062
45 26 977
16804 2093 272
51 34 27447
79 48 928
2054 1162 3086
48 1829 1830
277 10 278
13 278 764
26 3 249
126 45 48
11 291 3389
206 151 13
612 3441 194
116 13 454
